0  2.5  -0.5  -3
0.01  2.49999  -0.499988  -3
0.02  2.49998  -0.499975  -2.99999
0.03  2.49998  -0.499962  -2.99999
0.04  2.49997  -0.499949  -2.99998
0.05  2.49997  -0.499936  -2.99997
0.06  2.49997  -0.499922  -2.99996
0.07  2.49997  -0.499909  -2.99995
0.08  2.49998  -0.499895  -2.99993
0.09  2.49998  -0.49988  -2.99992
0.1  2.49999  -0.499866  -2.9999
0.11  2.5  -0.499851  -2.99988
0.12  2.50001  -0.499836  -2.99986
0.13  2.50002  -0.499821  -2.99984
0.14  2.50004  -0.499805  -2.99982
0.15  2.50005  -0.499789  -2.99979
0.16  2.50007  -0.499773  -2.99977
0.17  2.50009  -0.499757  -2.99974
0.18  2.50011  -0.49974  -2.99971
0.19  2.50013  -0.499723  -2.99968
0.2  2.50016  -0.499706  -2.99965
0.21  2.50019  -0.499688  -2.99961
0.22  2.50021  -0.49967  -2.99958
0.23  2.50024  -0.499652  -2.99954
0.24  2.50028  -0.499633  -2.9995
0.25  2.50031  -0.499615  -2.99946
0.26  2.50035  -0.499595  -2.99942
0.27  2.50038  -0.499576  -2.99938
0.28  2.50042  -0.499556  -2.99933
0.29  2.50047  -0.499536  -2.99929
0.3  2.50051  -0.499516  -2.99924
0.31  2.50055  -0.499495  -2.99919
0.32  2.5006  -0.499474  -2.99914
0.33  2.50065  -0.499452  -2.99909
0.34  2.5007  -0.499431  -2.99903
0.35  2.50075  -0.499409  -2.99898
0.36  2.5008  -0.499386  -2.99892
0.37  2.50086  -0.499363  -2.99886
0.38  2.50092  -0.49934  -2.9988
0.39  2.50098  -0.499317  -2.99874
0.4  2.50104  -0.499293  -2.99868
0.41  2.5011  -0.499268  -2.99862
0.42  2.50117  -0.499244  -2.99855
0.43  2.50123  -0.499219  -2.99848
0.44  2.5013  -0.499193  -2.99841
0.45  2.50137  -0.499168  -2.99834
0.46  2.50144  -0.499142  -2.99827
0.47  2.50152  -0.499115  -2.9982
0.48  2.50159  -0.499088  -2.99812
0.49  2.50167  -0.499061  -2.99805
0.5  2.50175  -0.499033  -2.99797
0.51  2.50183  -0.499005  -2.99789
0.52  2.50191  -0.498976  -2.99781
0.53  2.50199  -0.498947  -2.99772
0.54  2.50208  -0.498918  -2.99764
0.55  2.50217  -0.498888  -2.99755
0.56  2.50226  -0.498858  -2.99747
0.57  2.50235  -0.498827  -2.99738
0.58  2.50244  -0.498796  -2.99729
0.59  2.50254  -0.498765  -2.9972
0.6  2.50263  -0.498733  -2.9971
0.61  2.50273  -0.4987  -2.99701
0.62  2.50283  -0.498668  -2.99691
0.63  2.50293  -0.498634  -2.99681
0.64  2.50304  -0.498601  -2.99671
0.65  2.50314  -0.498566  -2.99661
0.66  2.50325  -0.498532  -2.99651
0.67  2.50336  -0.498497  -2.99641
0.68  2.50347  -0.498461  -2.9963
0.69  2.50358  -0.498425  -2.99619
0.7  2.5037  -0.498389  -2.99608
0.71  2.50381  -0.498352  -2.99597
0.72  2.50393  -0.498314  -2.99586
0.73  2.50405  -0.498276  -2.99575
0.74  2.50417  -0.498238  -2.99563
0.75  2.50429  -0.498199  -2.99552
0.76  2.50442  -0.49816  -2.9954
0.77  2.50455  -0.49812  -2.99528
0.78  2.50467  -0.498079  -2.99516
0.79  2.5048  -0.498038  -2.99504
0.8  2.50494  -0.497997  -2.99491
0.81  2.50507  -0.497955  -2.99479
0.82  2.5052  -0.497913  -2.99466
0.83  2.50534  -0.49787  -2.99453
0.84  2.50548  -0.497826  -2.9944
0.85  2.50562  -0.497782  -2.99427
0.86  2.50576  -0.497738  -2.99414
0.87  2.50591  -0.497692  -2.994
0.88  2.50605  -0.497647  -2.99386
0.89  2.5062  -0.497601  -2.99373
0.9  2.50635  -0.497554  -2.99359
0.91  2.5065  -0.497507  -2.99345
0.92  2.50665  -0.497459  -2.9933
0.93  2.50681  -0.497411  -2.99316
0.94  2.50696  -0.497362  -2.99301
0.95  2.50712  -0.497312  -2.99287
0.96  2.50728  -0.497262  -2.99272
0.97  2.50744  -0.497212  -2.99257
0.98  2.5076  -0.49716  -2.99242
0.99  2.50777  -0.497109  -2.99226
1  2.50794  -0.497056  -2.99211
1.01  2.5081  -0.497003  -2.99195
1.02  2.50827  -0.49695  -2.99179
1.03  2.50845  -0.496896  -2.99163
1.04  2.50862  -0.496841  -2.99147
1.05  2.50879  -0.496786  -2.99131
1.06  2.50897  -0.49673  -2.99115
1.07  2.50915  -0.496674  -2.99098
1.08  2.50933  -0.496617  -2.99081
1.09  2.50951  -0.496559  -2.99064
1.1  2.50969  -0.496501  -2.99047
1.11  2.50988  -0.496442  -2.9903
1.12  2.51007  -0.496382  -2.99013
1.13  2.51025  -0.496322  -2.98995
1.14  2.51045  -0.496261  -2.98978
1.15  2.51064  -0.4962  -2.9896
1.16  2.51083  -0.496138  -2.98942
1.17  2.51103  -0.496075  -2.98924
1.18  2.51122  -0.496012  -2.98905
1.19  2.51142  -0.495948  -2.98887
1.2  2.51162  -0.495883  -2.98868
1.21  2.51182  -0.495818  -2.9885
1.22  2.51203  -0.495752  -2.98831
1.23  2.51223  -0.495685  -2.98812
1.24  2.51244  -0.495618  -2.98793
1.25  2.51265  -0.49555  -2.98773
1.26  2.51286  -0.495481  -2.98754
1.27  2.51307  -0.495412  -2.98734
1.28  2.51329  -0.495342  -2.98714
1.29  2.5135  -0.495272  -2.98694
1.3  2.51372  -0.4952  -2.98674
1.31  2.51394  -0.495128  -2.98654
1.32  2.51416  -0.495056  -2.98633
1.33  2.51438  -0.494982  -2.98613
1.34  2.5146  -0.494908  -2.98592
1.35  2.51483  -0.494833  -2.98571
1.36  2.51506  -0.494758  -2.9855
1.37  2.51529  -0.494682  -2.98529
1.38  2.51552  -0.494605  -2.98507
1.39  2.51575  -0.494527  -2.98486
1.4  2.51598  -0.494449  -2.98464
1.41  2.51622  -0.49437  -2.98442
1.42  2.51645  -0.49429  -2.9842
1.43  2.51669  -0.49421  -2.98398
1.44  2.51693  -0.494129  -2.98375
1.45  2.51717  -0.494047  -2.98353
1.46  2.51742  -0.493964  -2.9833
1.47  2.51766  -0.493881  -2.98307
1.48  2.51791  -0.493797  -2.98284
1.49  2.51816  -0.493712  -2.98261
1.5  2.51841  -0.493626  -2.98238
1.51  2.51866  -0.49354  -2.98215
1.52  2.51891  -0.493453  -2.98191
1.53  2.51917  -0.493365  -2.98167
1.54  2.51942  -0.493276  -2.98143
1.55  2.51968  -0.493187  -2.98119
1.56  2.51994  -0.493097  -2.98095
1.57  2.5202  -0.493006  -2.98071
1.58  2.52047  -0.492914  -2.98046
1.59  2.52073  -0.492822  -2.98021
1.6  2.521  -0.492728  -2.97996
1.61  2.52126  -0.492634  -2.97971
1.62  2.52153  -0.49254  -2.97946
1.63  2.5218  -0.492444  -2.97921
1.64  2.52208  -0.492348  -2.97895
1.65  2.52235  -0.49225  -2.9787
1.66  2.52263  -0.492152  -2.97844
1.67  2.5229  -0.492054  -2.97818
1.68  2.52318  -0.491954  -2.97792
1.69  2.52346  -0.491854  -2.97765
1.7  2.52374  -0.491753  -2.97739
1.71  2.52403  -0.491651  -2.97712
1.72  2.52431  -0.491548  -2.97686
1.73  2.5246  -0.491444  -2.97659
1.74  2.52489  -0.49134  -2.97632
1.75  2.52518  -0.491234  -2.97604
1.76  2.52547  -0.491128  -2.97577
1.77  2.52576  -0.491021  -2.97549
1.78  2.52606  -0.490914  -2.97522
1.79  2.52635  -0.490805  -2.97494
1.8  2.52665  -0.490696  -2.97466
1.81  2.52695  -0.490586  -2.97437
1.82  2.52725  -0.490474  -2.97409
1.83  2.52755  -0.490362  -2.9738
1.84  2.52785  -0.49025  -2.97352
1.85  2.52816  -0.490136  -2.97323
1.86  2.52847  -0.490022  -2.97294
1.87  2.52877  -0.489906  -2.97265
1.88  2.52908  -0.48979  -2.97235
1.89  2.52939  -0.489673  -2.97206
1.9  2.52971  -0.489555  -2.97176
1.91  2.53002  -0.489436  -2.97146
1.92  2.53034  -0.489317  -2.97116
1.93  2.53065  -0.489196  -2.97086
1.94  2.53097  -0.489075  -2.97056
1.95  2.53129  -0.488952  -2.97025
1.96  2.53161  -0.488829  -2.96995
1.97  2.53194  -0.488705  -2.96964
1.98  2.53226  -0.48858  -2.96933
1.99  2.53259  -0.488454  -2.96902
2  2.53292  -0.488328  -2.96871
2.01  2.53325  -0.4882  -2.96839
2.02  2.53358  -0.488072  -2.96807
2.03  2.53391  -0.487942  -2.96776
2.04  2.53424  -0.487812  -2.96744
2.05  2.53458  -0.487681  -2.96712
2.06  2.53491  -0.487549  -2.96679
2.07  2.53525  -0.487416  -2.96647
2.08  2.53559  -0.487282  -2.96614
2.09  2.53593  -0.487147  -2.96582
2.1  2.53627  -0.487011  -2.96549
2.11  2.53662  -0.486874  -2.96516
2.12  2.53696  -0.486737  -2.96482
2.13  2.53731  -0.486598  -2.96449
2.14  2.53766  -0.486459  -2.96415
2.15  2.53801  -0.486319  -2.96382
2.16  2.53836  -0.486177  -2.96348
2.17  2.53871  -0.486035  -2.96314
2.18  2.53907  -0.485892  -2.96279
2.19  2.53942  -0.485748  -2.96245
2.2  2.53978  -0.485603  -2.9621
2.21  2.54014  -0.485457  -2.96176
2.22  2.5405  -0.48531  -2.96141
2.23  2.54086  -0.485162  -2.96106
2.24  2.54122  -0.485013  -2.9607
2.25  2.54158  -0.484864  -2.96035
2.26  2.54195  -0.484713  -2.96
2.27  2.54232  -0.484561  -2.95964
2.28  2.54268  -0.484409  -2.95928
2.29  2.54305  -0.484255  -2.95892
2.3  2.54342  -0.484101  -2.95856
2.31  2.5438  -0.483945  -2.95819
2.32  2.54417  -0.483789  -2.95783
2.33  2.54454  -0.483631  -2.95746
2.34  2.54492  -0.483473  -2.95709
2.35  2.5453  -0.483313  -2.95672
2.36  2.54568  -0.483153  -2.95635
2.37  2.54606  -0.482992  -2.95597
2.38  2.54644  -0.48283  -2.9556
2.39  2.54682  -0.482666  -2.95522
2.4  2.54721  -0.482502  -2.95484
2.41  2.54759  -0.482337  -2.95446
2.42  2.54798  -0.482171  -2.95408
2.43  2.54837  -0.482003  -2.9537
2.44  2.54876  -0.481835  -2.95331
2.45  2.54915  -0.481666  -2.95292
2.46  2.54954  -0.481496  -2.95253
2.47  2.54994  -0.481325  -2.95214
2.48  2.55033  -0.481153  -2.95175
2.49  2.55073  -0.480979  -2.95136
2.5  2.55113  -0.480805  -2.95096
2.51  2.55153  -0.48063  -2.95056
2.52  2.55193  -0.480454  -2.95017
2.53  2.55233  -0.480277  -2.94976
2.54  2.55273  -0.480099  -2.94936
2.55  2.55314  -0.47992  -2.94896
2.56  2.55354  -0.479739  -2.94855
2.57  2.55395  -0.479558  -2.94814
2.58  2.55436  -0.479376  -2.94774
2.59  2.55477  -0.479193  -2.94732
2.6  2.55518  -0.479009  -2.94691
2.61  2.55559  -0.478823  -2.9465
2.62  2.556  -0.478637  -2.94608
2.63  2.55642  -0.47845  -2.94566
2.64  2.55683  -0.478262  -2.94524
2.65  2.55725  -0.478072  -2.94482
2.66  2.55767  -0.477882  -2.9444
2.67  2.55809  -0.47769  -2.94398
2.68  2.55851  -0.477498  -2.94355
2.69  2.55893  -0.477305  -2.94312
2.7  2.55936  -0.47711  -2.94269
2.71  2.55978  -0.476915  -2.94226
2.72  2.56021  -0.476718  -2.94183
2.73  2.56063  -0.476521  -2.94139
2.74  2.56106  -0.476322  -2.94096
2.75  2.56149  -0.476122  -2.94052
2.76  2.56192  -0.475922  -2.94008
2.77  2.56235  -0.47572  -2.93964
2.78  2.56279  -0.475517  -2.93919
2.79  2.56322  -0.475314  -2.93875
2.8  2.56366  -0.475109  -2.9383
2.81  2.5641  -0.474903  -2.93785
2.82  2.56453  -0.474696  -2.9374
2.83  2.56497  -0.474488  -2.93695
2.84  2.56541  -0.474279  -2.9365
2.85  2.56586  -0.474069  -2.93604
2.86  2.5663  -0.473858  -2.93558
2.87  2.56674  -0.473646  -2.93513
2.88  2.56719  -0.473433  -2.93466
2.89  2.56763  -0.473218  -2.9342
2.9  2.56808  -0.473003  -2.93374
2.91  2.56853  -0.472787  -2.93327
2.92  2.56898  -0.472569  -2.9328
2.93  2.56943  -0.472351  -2.93233
2.94  2.56988  -0.472131  -2.93186
2.95  2.57034  -0.471911  -2.93139
2.96  2.57079  -0.471689  -2.93092
2.97  2.57125  -0.471466  -2.93044
2.98  2.5717  -0.471243  -2.92996
2.99  2.57216  -0.471018  -2.92948
3  2.57262  -0.470792  -2.929
3.01  2.57308  -0.470565  -2.92852
3.02  2.57354  -0.470337  -2.92803
3.03  2.574  -0.470108  -2.92754
3.04  2.57447  -0.469878  -2.92706
3.05  2.57493  -0.469646  -2.92656
3.06  2.5754  -0.469414  -2.92607
3.07  2.57586  -0.469181  -2.92558
3.08  2.57633  -0.468946  -2.92508
3.09  2.5768  -0.468711  -2.92459
3.1  2.57727  -0.468474  -2.92409
3.11  2.57774  -0.468237  -2.92358
3.12  2.57822  -0.467998  -2.92308
3.13  2.57869  -0.467758  -2.92258
3.14  2.57916  -0.467518  -2.92207
3.15  2.57964  -0.467276  -2.92156
3.16  2.58012  -0.467033  -2.92105
3.17  2.58059  -0.466789  -2.92054
3.18  2.58107  -0.466544  -2.92003
3.19  2.58155  -0.466298  -2.91951
3.2  2.58203  -0.46605  -2.919
3.21  2.58251  -0.465802  -2.91848
3.22  2.583  -0.465553  -2.91796
3.23  2.58348  -0.465302  -2.91743
3.24  2.58396  -0.465051  -2.91691
3.25  2.58445  -0.464798  -2.91638
3.26  2.58494  -0.464544  -2.91586
3.27  2.58543  -0.46429  -2.91533
3.28  2.58591  -0.464034  -2.91479
3.29  2.5864  -0.463777  -2.91426
3.3  2.5869  -0.463519  -2.91373
3.31  2.58739  -0.46326  -2.91319
3.32  2.58788  -0.463  -2.91265
3.33  2.58837  -0.462738  -2.91211
3.34  2.58887  -0.462476  -2.91157
3.35  2.58936  -0.462213  -2.91102
3.36  2.58986  -0.461948  -2.91048
3.37  2.59036  -0.461683  -2.90993
3.38  2.59086  -0.461416  -2.90938
3.39  2.59136  -0.461149  -2.90883
3.4  2.59186  -0.46088  -2.90828
3.41  2.59236  -0.46061  -2.90772
3.42  2.59286  -0.460339  -2.90717
3.43  2.59337  -0.460067  -2.90661
3.44  2.59387  -0.459794  -2.90605
3.45  2.59438  -0.45952  -2.90548
3.46  2.59488  -0.459245  -2.90492
3.47  2.59539  -0.458969  -2.90436
3.48  2.5959  -0.458692  -2.90379
3.49  2.59641  -0.458413  -2.90322
3.5  2.59692  -0.458134  -2.90265
3.51  2.59743  -0.457853  -2.90207
3.52  2.59794  -0.457572  -2.9015
3.53  2.59845  -0.457289  -2.90092
3.54  2.59897  -0.457005  -2.90034
3.55  2.59948  -0.45672  -2.89976
3.56  2.6  -0.456435  -2.89918
3.57  2.60051  -0.456148  -2.8986
3.58  2.60103  -0.45586  -2.89801
3.59  2.60155  -0.45557  -2.89742
3.6  2.60207  -0.45528  -2.89683
3.61  2.60259  -0.454989  -2.89624
3.62  2.60311  -0.454697  -2.89565
3.63  2.60363  -0.454403  -2.89505
3.64  2.60415  -0.454109  -2.89446
3.65  2.60467  -0.453814  -2.89386
3.66  2.6052  -0.453517  -2.89326
3.67  2.60572  -0.453219  -2.89266
3.68  2.60625  -0.452921  -2.89205
3.69  2.60678  -0.452621  -2.89145
3.7  2.6073  -0.45232  -2.89084
3.71  2.60783  -0.452018  -2.89023
3.72  2.60836  -0.451716  -2.88962
3.73  2.60889  -0.451412  -2.889
3.74  2.60942  -0.451107  -2.88839
3.75  2.60995  -0.4508  -2.88777
3.76  2.61049  -0.450493  -2.88715
3.77  2.61102  -0.450185  -2.88653
3.78  2.61155  -0.449876  -2.88591
3.79  2.61209  -0.449566  -2.88528
3.8  2.61262  -0.449254  -2.88465
3.81  2.61316  -0.448942  -2.88403
3.82  2.6137  -0.448628  -2.8834
3.83  2.61423  -0.448314  -2.88276
3.84  2.61477  -0.447998  -2.88213
3.85  2.61531  -0.447682  -2.88149
3.86  2.61585  -0.447364  -2.88086
3.87  2.61639  -0.447046  -2.88022
3.88  2.61693  -0.446726  -2.87957
3.89  2.61748  -0.446405  -2.87893
3.9  2.61802  -0.446083  -2.87829
3.91  2.61856  -0.44576  -2.87764
3.92  2.61911  -0.445437  -2.87699
3.93  2.61965  -0.445112  -2.87634
3.94  2.6202  -0.444786  -2.87569
3.95  2.62075  -0.444459  -2.87503
3.96  2.62129  -0.444131  -2.87437
3.97  2.62184  -0.443802  -2.87372
3.98  2.62239  -0.443472  -2.87306
3.99  2.62294  -0.443141  -2.87239
4  2.62349  -0.442808  -2.87173
4.01  2.62404  -0.442475  -2.87106
4.02  2.62459  -0.442141  -2.87039
4.03  2.62515  -0.441806  -2.86972
4.04  2.6257  -0.44147  -2.86905
4.05  2.62625  -0.441132  -2.86838
4.06  2.62681  -0.440794  -2.8677
4.07  2.62736  -0.440455  -2.86703
4.08  2.62792  -0.440115  -2.86635
4.09  2.62848  -0.439773  -2.86567
4.1  2.62903  -0.439431  -2.86498
4.11  2.62959  -0.439088  -2.8643
4.12  2.63015  -0.438743  -2.86361
4.13  2.63071  -0.438398  -2.86292
4.14  2.63127  -0.438052  -2.86223
4.15  2.63183  -0.437704  -2.86154
4.16  2.63239  -0.437356  -2.86084
4.17  2.63295  -0.437007  -2.86015
4.18  2.63351  -0.436656  -2.85945
4.19  2.63407  -0.436305  -2.85875
4.2  2.63464  -0.435953  -2.85805
4.21  2.6352  -0.4356  -2.85734
4.22  2.63577  -0.435245  -2.85664
4.23  2.63633  -0.43489  -2.85593
4.24  2.6369  -0.434534  -2.85522
4.25  2.63746  -0.434176  -2.85451
4.26  2.63803  -0.433818  -2.85379
4.27  2.6386  -0.433459  -2.85308
4.28  2.63917  -0.433099  -2.85236
4.29  2.63974  -0.432738  -2.85164
4.3  2.6403  -0.432376  -2.85092
4.31  2.64087  -0.432012  -2.85019
4.32  2.64145  -0.431648  -2.84947
4.33  2.64202  -0.431283  -2.84874
4.34  2.64259  -0.430917  -2.84801
4.35  2.64316  -0.43055  -2.84728
4.36  2.64373  -0.430183  -2.84655
4.37  2.64431  -0.429814  -2.84581
4.38  2.64488  -0.429444  -2.84508
4.39  2.64545  -0.429073  -2.84434
4.4  2.64603  -0.428701  -2.8436
4.41  2.6466  -0.428329  -2.84285
4.42  2.64718  -0.427955  -2.84211
4.43  2.64776  -0.42758  -2.84136
4.44  2.64833  -0.427205  -2.84061
4.45  2.64891  -0.426828  -2.83986
4.46  2.64949  -0.426451  -2.83911
4.47  2.65007  -0.426073  -2.83836
4.48  2.65065  -0.425694  -2.8376
4.49  2.65122  -0.425313  -2.83684
4.5  2.6518  -0.424932  -2.83608
4.51  2.65238  -0.42455  -2.83532
4.52  2.65297  -0.424167  -2.83456
4.53  2.65355  -0.423783  -2.83379
4.54  2.65413  -0.423399  -2.83302
4.55  2.65471  -0.423013  -2.83225
4.56  2.65529  -0.422626  -2.83148
4.57  2.65588  -0.422239  -2.83071
4.58  2.65646  -0.42185  -2.82993
4.59  2.65704  -0.421461  -2.82915
4.6  2.65763  -0.421071  -2.82837
4.61  2.65821  -0.42068  -2.82759
4.62  2.6588  -0.420288  -2.82681
4.63  2.65938  -0.419895  -2.82602
4.64  2.65997  -0.419501  -2.82524
4.65  2.66056  -0.419106  -2.82445
4.66  2.66114  -0.418711  -2.82365
4.67  2.66173  -0.418314  -2.82286
4.68  2.66232  -0.417917  -2.82207
4.69  2.66291  -0.417519  -2.82127
4.7  2.6635  -0.41712  -2.82047
4.71  2.66409  -0.41672  -2.81967
4.72  2.66468  -0.416319  -2.81887
4.73  2.66527  -0.415917  -2.81806
4.74  2.66586  -0.415515  -2.81725
4.75  2.66645  -0.415111  -2.81644
4.76  2.66704  -0.414707  -2.81563
4.77  2.66763  -0.414302  -2.81482
4.78  2.66822  -0.413896  -2.814
4.79  2.66881  -0.413489  -2.81319
4.8  2.66941  -0.413082  -2.81237
4.81  2.67  -0.412673  -2.81155
4.82  2.67059  -0.412264  -2.81073
4.83  2.67119  -0.411854  -2.8099
4.84  2.67178  -0.411443  -2.80907
4.85  2.67238  -0.411031  -2.80824
4.86  2.67297  -0.410619  -2.80741
4.87  2.67357  -0.410205  -2.80658
4.88  2.67416  -0.409791  -2.80575
4.89  2.67476  -0.409376  -2.80491
4.9  2.67535  -0.40896  -2.80407
4.91  2.67595  -0.408543  -2.80323
4.92  2.67655  -0.408126  -2.80239
4.93  2.67714  -0.407708  -2.80154
4.94  2.67774  -0.407289  -2.8007
4.95  2.67834  -0.406869  -2.79985
4.96  2.67894  -0.406448  -2.799
4.97  2.67953  -0.406027  -2.79815
4.98  2.68013  -0.405604  -2.79729
4.99  2.68073  -0.405181  -2.79643
5  2.68133  -0.404758  -2.79558
5.01  2.68193  -0.404333  -2.79472
5.02  2.68253  -0.403908  -2.79385
5.03  2.68313  -0.403482  -2.79299
5.04  2.68373  -0.403055  -2.79212
5.05  2.68433  -0.402627  -2.79125
5.06  2.68493  -0.402199  -2.79038
5.07  2.68553  -0.40177  -2.78951
5.08  2.68613  -0.40134  -2.78864
5.09  2.68674  -0.400909  -2.78776
5.1  2.68734  -0.400478  -2.78688
5.11  2.68794  -0.400046  -2.786
5.12  2.68854  -0.399613  -2.78512
5.13  2.68915  -0.399179  -2.78424
5.14  2.68975  -0.398745  -2.78335
5.15  2.69035  -0.39831  -2.78246
5.16  2.69096  -0.397874  -2.78157
5.17  2.69156  -0.397438  -2.78068
5.18  2.69216  -0.397001  -2.77979
5.19  2.69277  -0.396563  -2.77889
5.2  2.69337  -0.396124  -2.77799
5.21  2.69398  -0.395685  -2.77709
5.22  2.69458  -0.395245  -2.77619
5.23  2.69519  -0.394804  -2.77528
5.24  2.69579  -0.394363  -2.77438
5.25  2.6964  -0.393921  -2.77347
5.26  2.697  -0.393478  -2.77256
5.27  2.69761  -0.393035  -2.77165
5.28  2.69821  -0.392591  -2.77073
5.29  2.69882  -0.392146  -2.76982
5.3  2.69943  -0.391701  -2.7689
5.31  2.70003  -0.391255  -2.76798
5.32  2.70064  -0.390808  -2.76706
5.33  2.70125  -0.39036  -2.76613
5.34  2.70186  -0.389912  -2.76521
5.35  2.70246  -0.389464  -2.76428
5.36  2.70307  -0.389014  -2.76335
5.37  2.70368  -0.388564  -2.76242
5.38  2.70429  -0.388114  -2.76148
5.39  2.70489  -0.387663  -2.76055
5.4  2.7055  -0.387211  -2.75961
5.41  2.70611  -0.386758  -2.75867
5.42  2.70672  -0.386305  -2.75773
5.43  2.70733  -0.385851  -2.75678
5.44  2.70794  -0.385397  -2.75584
5.45  2.70855  -0.384942  -2.75489
5.46  2.70915  -0.384486  -2.75394
5.47  2.70976  -0.38403  -2.75299
5.48  2.71037  -0.383574  -2.75204
5.49  2.71098  -0.383116  -2.75108
5.5  2.71159  -0.382658  -2.75012
5.51  2.7122  -0.3822  -2.74916
5.52  2.71281  -0.381741  -2.7482
5.53  2.71342  -0.381281  -2.74724
5.54  2.71403  -0.380821  -2.74627
5.55  2.71464  -0.38036  -2.7453
5.56  2.71525  -0.379899  -2.74433
5.57  2.71586  -0.379437  -2.74336
5.58  2.71647  -0.378974  -2.74239
5.59  2.71708  -0.378511  -2.74141
5.6  2.71769  -0.378047  -2.74043
5.61  2.71831  -0.377583  -2.73945
5.62  2.71892  -0.377119  -2.73847
5.63  2.71953  -0.376653  -2.73749
5.64  2.72014  -0.376188  -2.7365
5.65  2.72075  -0.375722  -2.73551
5.66  2.72136  -0.375255  -2.73452
5.67  2.72197  -0.374787  -2.73353
5.68  2.72258  -0.37432  -2.73254
5.69  2.7232  -0.373851  -2.73154
5.7  2.72381  -0.373383  -2.73054
5.71  2.72442  -0.372913  -2.72955
5.72  2.72503  -0.372443  -2.72854
5.73  2.72564  -0.371973  -2.72754
5.74  2.72625  -0.371502  -2.72653
5.75  2.72687  -0.371031  -2.72553
5.76  2.72748  -0.370559  -2.72452
5.77  2.72809  -0.370087  -2.7235
5.78  2.7287  -0.369614  -2.72249
5.79  2.72932  -0.369141  -2.72148
5.8  2.72993  -0.368668  -2.72046
5.81  2.73054  -0.368194  -2.71944
5.82  2.73115  -0.367719  -2.71842
5.83  2.73176  -0.367244  -2.71739
5.84  2.73238  -0.366769  -2.71637
5.85  2.73299  -0.366293  -2.71534
5.86  2.7336  -0.365816  -2.71431
5.87  2.73421  -0.36534  -2.71328
5.88  2.73483  -0.364863  -2.71224
5.89  2.73544  -0.364385  -2.71121
5.9  2.73605  -0.363907  -2.71017
5.91  2.73666  -0.363429  -2.70913
5.92  2.73728  -0.36295  -2.70809
5.93  2.73789  -0.362471  -2.70705
5.94  2.7385  -0.361991  -2.706
5.95  2.73912  -0.361511  -2.70495
5.96  2.73973  -0.361031  -2.7039
5.97  2.74034  -0.36055  -2.70285
5.98  2.74095  -0.360069  -2.7018
5.99  2.74157  -0.359587  -2.70074
6  2.74218  -0.359105  -2.69969
6.01  2.74279  -0.358623  -2.69863
6.02  2.7434  -0.35814  -2.69757
6.03  2.74402  -0.357657  -2.6965
6.04  2.74463  -0.357174  -2.69544
6.05  2.74524  -0.35669  -2.69437
6.06  2.74585  -0.356206  -2.6933
6.07  2.74647  -0.355722  -2.69223
6.08  2.74708  -0.355237  -2.69116
6.09  2.74769  -0.354752  -2.69008
6.1  2.74831  -0.354267  -2.689
6.11  2.74892  -0.353781  -2.68792
6.12  2.74953  -0.353295  -2.68684
6.13  2.75014  -0.352809  -2.68576
6.14  2.75076  -0.352322  -2.68468
6.15  2.75137  -0.351835  -2.68359
6.16  2.75198  -0.351348  -2.6825
6.17  2.75259  -0.35086  -2.68141
6.18  2.75321  -0.350372  -2.68032
6.19  2.75382  -0.349884  -2.67922
6.2  2.75443  -0.349396  -2.67812
6.21  2.75504  -0.348907  -2.67702
6.22  2.75565  -0.348418  -2.67592
6.23  2.75627  -0.347929  -2.67482
6.24  2.75688  -0.347439  -2.67372
6.25  2.75749  -0.34695  -2.67261
6.26  2.7581  -0.34646  -2.6715
6.27  2.75871  -0.345969  -2.67039
6.28  2.75933  -0.345479  -2.66928
6.29  2.75994  -0.344988  -2.66816
6.3  2.76055  -0.344497  -2.66705
6.31  2.76116  -0.344006  -2.66593
6.32  2.76177  -0.343515  -2.66481
6.33  2.76239  -0.343023  -2.66368
6.34  2.763  -0.342531  -2.66256
6.35  2.76361  -0.342039  -2.66143
6.36  2.76422  -0.341547  -2.6603
6.37  2.76483  -0.341054  -2.65917
6.38  2.76544  -0.340561  -2.65804
6.39  2.76605  -0.340068  -2.65691
6.4  2.76666  -0.339575  -2.65577
6.41  2.76728  -0.339082  -2.65463
6.42  2.76789  -0.338589  -2.65349
6.43  2.7685  -0.338095  -2.65235
6.44  2.76911  -0.337601  -2.65121
6.45  2.76972  -0.337107  -2.65006
6.46  2.77033  -0.336613  -2.64891
6.47  2.77094  -0.336119  -2.64776
6.48  2.77155  -0.335624  -2.64661
6.49  2.77216  -0.33513  -2.64546
6.5  2.77277  -0.334635  -2.6443
6.51  2.77338  -0.33414  -2.64315
6.52  2.77399  -0.333645  -2.64199
6.53  2.7746  -0.33315  -2.64082
6.54  2.77521  -0.332655  -2.63966
6.55  2.77582  -0.332159  -2.6385
6.56  2.77643  -0.331664  -2.63733
6.57  2.77704  -0.331168  -2.63616
6.58  2.77765  -0.330672  -2.63499
6.59  2.77826  -0.330176  -2.63381
6.6  2.77887  -0.32968  -2.63264
6.61  2.77948  -0.329184  -2.63146
6.62  2.78009  -0.328688  -2.63028
6.63  2.7807  -0.328192  -2.6291
6.64  2.78131  -0.327696  -2.62792
6.65  2.78192  -0.327199  -2.62674
6.66  2.78252  -0.326703  -2.62555
6.67  2.78313  -0.326206  -2.62436
6.68  2.78374  -0.32571  -2.62317
6.69  2.78435  -0.325213  -2.62198
6.7  2.78496  -0.324716  -2.62078
6.71  2.78557  -0.32422  -2.61959
6.72  2.78617  -0.323723  -2.61839
6.73  2.78678  -0.323226  -2.61719
6.74  2.78739  -0.322729  -2.61599
6.75  2.788  -0.322232  -2.61478
6.76  2.78861  -0.321735  -2.61358
6.77  2.78921  -0.321238  -2.61237
6.78  2.78982  -0.320741  -2.61116
6.79  2.79043  -0.320244  -2.60995
6.8  2.79103  -0.319747  -2.60873
6.81  2.79164  -0.31925  -2.60752
6.82  2.79225  -0.318753  -2.6063
6.83  2.79286  -0.318256  -2.60508
6.84  2.79346  -0.317759  -2.60386
6.85  2.79407  -0.317262  -2.60264
6.86  2.79467  -0.316765  -2.60141
6.87  2.79528  -0.316269  -2.60019
6.88  2.79589  -0.315772  -2.59896
6.89  2.79649  -0.315275  -2.59773
6.9  2.7971  -0.314778  -2.59649
6.91  2.7977  -0.314281  -2.59526
6.92  2.79831  -0.313784  -2.59402
6.93  2.79892  -0.313288  -2.59279
6.94  2.79952  -0.312791  -2.59154
6.95  2.80013  -0.312294  -2.5903
6.96  2.80073  -0.311798  -2.58906
6.97  2.80134  -0.311301  -2.58781
6.98  2.80194  -0.310805  -2.58657
6.99  2.80255  -0.310309  -2.58532
7  2.80315  -0.309812  -2.58406
7.01  2.80376  -0.309316  -2.58281
7.02  2.80436  -0.30882  -2.58156
7.03  2.80496  -0.308324  -2.5803
7.04  2.80557  -0.307828  -2.57904
7.05  2.80617  -0.307332  -2.57778
7.06  2.80677  -0.306837  -2.57652
7.07  2.80738  -0.306341  -2.57525
7.08  2.80798  -0.305846  -2.57399
7.09  2.80859  -0.30535  -2.57272
7.1  2.80919  -0.304855  -2.57145
7.11  2.80979  -0.30436  -2.57018
7.12  2.81039  -0.303865  -2.5689
7.13  2.811  -0.30337  -2.56763
7.14  2.8116  -0.302875  -2.56635
7.15  2.8122  -0.302381  -2.56507
7.16  2.8128  -0.301886  -2.56379
7.17  2.81341  -0.301392  -2.5625
7.18  2.81401  -0.300898  -2.56122
7.19  2.81461  -0.300404  -2.55993
7.2  2.81521  -0.29991  -2.55864
7.21  2.81581  -0.299417  -2.55735
7.22  2.81642  -0.298923  -2.55606
7.23  2.81702  -0.29843  -2.55477
7.24  2.81762  -0.297937  -2.55347
7.25  2.81822  -0.297444  -2.55217
7.26  2.81882  -0.296951  -2.55087
7.27  2.81942  -0.296459  -2.54957
7.28  2.82002  -0.295966  -2.54827
7.29  2.82062  -0.295474  -2.54696
7.3  2.82122  -0.294982  -2.54565
7.31  2.82182  -0.294491  -2.54435
7.32  2.82242  -0.293999  -2.54303
7.33  2.82302  -0.293508  -2.54172
7.34  2.82362  -0.293017  -2.54041
7.35  2.82422  -0.292526  -2.53909
7.36  2.82482  -0.292036  -2.53777
7.37  2.82542  -0.291545  -2.53645
7.38  2.82602  -0.291055  -2.53513
7.39  2.82662  -0.290565  -2.53381
7.4  2.82722  -0.290076  -2.53248
7.41  2.82781  -0.289586  -2.53115
7.42  2.82841  -0.289097  -2.52983
7.43  2.82901  -0.288608  -2.52849
7.44  2.82961  -0.28812  -2.52716
7.45  2.83021  -0.287631  -2.52583
7.46  2.83081  -0.287143  -2.52449
7.47  2.8314  -0.286655  -2.52315
7.48  2.832  -0.286168  -2.52181
7.49  2.8326  -0.285681  -2.52047
7.5  2.8332  -0.285194  -2.51913
7.51  2.83379  -0.284707  -2.51778
7.52  2.83439  -0.284221  -2.51644
7.53  2.83499  -0.283734  -2.51509
7.54  2.83558  -0.283249  -2.51374
7.55  2.83618  -0.282763  -2.51238
7.56  2.83678  -0.282278  -2.51103
7.57  2.83737  -0.281793  -2.50967
7.58  2.83797  -0.281309  -2.50832
7.59  2.83856  -0.280824  -2.50696
7.6  2.83916  -0.280341  -2.50559
7.61  2.83976  -0.279857  -2.50423
7.62  2.84035  -0.279374  -2.50287
7.63  2.84095  -0.278891  -2.5015
7.64  2.84154  -0.278408  -2.50013
7.65  2.84214  -0.277926  -2.49876
7.66  2.84273  -0.277444  -2.49739
7.67  2.84333  -0.276963  -2.49602
7.68  2.84392  -0.276481  -2.49464
7.69  2.84452  -0.276001  -2.49326
7.7  2.84511  -0.27552  -2.49188
7.71  2.8457  -0.27504  -2.4905
7.72  2.8463  -0.27456  -2.48912
7.73  2.84689  -0.274081  -2.48774
7.74  2.84749  -0.273602  -2.48635
7.75  2.84808  -0.273123  -2.48496
7.76  2.84867  -0.272645  -2.48357
7.77  2.84927  -0.272167  -2.48218
7.78  2.84986  -0.27169  -2.48079
7.79  2.85045  -0.271213  -2.47939
7.8  2.85105  -0.270736  -2.478
7.81  2.85164  -0.27026  -2.4766
7.82  2.85223  -0.269784  -2.4752
7.83  2.85282  -0.269309  -2.4738
7.84  2.85342  -0.268834  -2.47239
7.85  2.85401  -0.268359  -2.47099
7.86  2.8546  -0.267885  -2.46958
7.87  2.85519  -0.267411  -2.46817
7.88  2.85578  -0.266938  -2.46676
7.89  2.85638  -0.266465  -2.46535
7.9  2.85697  -0.265992  -2.46394
7.91  2.85756  -0.26552  -2.46252
7.92  2.85815  -0.265048  -2.4611
7.93  2.85874  -0.264577  -2.45968
7.94  2.85933  -0.264106  -2.45826
7.95  2.85992  -0.263636  -2.45684
7.96  2.86051  -0.263166  -2.45542
7.97  2.8611  -0.262697  -2.45399
7.98  2.86169  -0.262228  -2.45256
7.99  2.86229  -0.261759  -2.45113
8  2.86288  -0.261291  -2.4497
8.01  2.86347  -0.260824  -2.44827
8.02  2.86406  -0.260357  -2.44684
8.03  2.86465  -0.25989  -2.4454
8.04  2.86524  -0.259424  -2.44396
8.05  2.86582  -0.258958  -2.44252
8.06  2.86641  -0.258493  -2.44108
8.07  2.867  -0.258028  -2.43964
8.08  2.86759  -0.257564  -2.43819
8.09  2.86818  -0.257101  -2.43675
8.1  2.86877  -0.256637  -2.4353
8.11  2.86936  -0.256175  -2.43385
8.12  2.86995  -0.255712  -2.4324
8.13  2.87054  -0.255251  -2.43095
8.14  2.87113  -0.254789  -2.42949
8.15  2.87171  -0.254329  -2.42804
8.16  2.8723  -0.253868  -2.42658
8.17  2.87289  -0.253409  -2.42512
8.18  2.87348  -0.25295  -2.42366
8.19  2.87407  -0.252491  -2.4222
8.2  2.87465  -0.252033  -2.42073
8.21  2.87524  -0.251575  -2.41927
8.22  2.87583  -0.251118  -2.4178
8.23  2.87642  -0.250662  -2.41633
8.24  2.877  -0.250206  -2.41486
8.25  2.87759  -0.24975  -2.41338
8.26  2.87818  -0.249295  -2.41191
8.27  2.87876  -0.248841  -2.41043
8.28  2.87935  -0.248387  -2.40896
8.29  2.87994  -0.247934  -2.40748
8.3  2.88052  -0.247481  -2.406
8.31  2.88111  -0.247029  -2.40451
8.32  2.8817  -0.246577  -2.40303
8.33  2.88228  -0.246126  -2.40154
8.34  2.88287  -0.245676  -2.40006
8.35  2.88346  -0.245226  -2.39857
8.36  2.88404  -0.244776  -2.39708
8.37  2.88463  -0.244327  -2.39559
8.38  2.88521  -0.243879  -2.39409
8.39  2.8858  -0.243432  -2.3926
8.4  2.88638  -0.242985  -2.3911
8.41  2.88697  -0.242538  -2.3896
8.42  2.88756  -0.242092  -2.3881
8.43  2.88814  -0.241647  -2.3866
8.44  2.88873  -0.241202  -2.3851
8.45  2.88931  -0.240758  -2.38359
8.46  2.8899  -0.240314  -2.38208
8.47  2.89048  -0.239871  -2.38058
8.48  2.89107  -0.239429  -2.37907
8.49  2.89165  -0.238987  -2.37755
8.5  2.89223  -0.238546  -2.37604
8.51  2.89282  -0.238106  -2.37453
8.52  2.8934  -0.237666  -2.37301
8.53  2.89399  -0.237226  -2.37149
8.54  2.89457  -0.236788  -2.36997
8.55  2.89516  -0.23635  -2.36845
8.56  2.89574  -0.235912  -2.36693
8.57  2.89632  -0.235475  -2.36541
8.58  2.89691  -0.235039  -2.36388
8.59  2.89749  -0.234603  -2.36235
8.6  2.89808  -0.234168  -2.36083
8.61  2.89866  -0.233734  -2.3593
8.62  2.89924  -0.2333  -2.35776
8.63  2.89983  -0.232867  -2.35623
8.64  2.90041  -0.232435  -2.3547
8.65  2.90099  -0.232003  -2.35316
8.66  2.90158  -0.231572  -2.35162
8.67  2.90216  -0.231141  -2.35008
8.68  2.90274  -0.230711  -2.34854
8.69  2.90332  -0.230282  -2.347
8.7  2.90391  -0.229853  -2.34545
8.71  2.90449  -0.229425  -2.34391
8.72  2.90507  -0.228998  -2.34236
8.73  2.90566  -0.228571  -2.34081
8.74  2.90624  -0.228145  -2.33926
8.75  2.90682  -0.22772  -2.33771
8.76  2.9074  -0.227295  -2.33616
8.77  2.90799  -0.226871  -2.3346
8.78  2.90857  -0.226448  -2.33305
8.79  2.90915  -0.226025  -2.33149
8.8  2.90973  -0.225603  -2.32993
8.81  2.91031  -0.225182  -2.32837
8.82  2.9109  -0.224761  -2.32681
8.83  2.91148  -0.224341  -2.32524
8.84  2.91206  -0.223922  -2.32368
8.85  2.91264  -0.223503  -2.32211
8.86  2.91322  -0.223085  -2.32054
8.87  2.91381  -0.222668  -2.31897
8.88  2.91439  -0.222251  -2.3174
8.89  2.91497  -0.221835  -2.31583
8.9  2.91555  -0.22142  -2.31425
8.91  2.91613  -0.221005  -2.31268
8.92  2.91671  -0.220591  -2.3111
8.93  2.9173  -0.220178  -2.30952
8.94  2.91788  -0.219766  -2.30794
8.95  2.91846  -0.219354  -2.30636
8.96  2.91904  -0.218943  -2.30478
8.97  2.91962  -0.218532  -2.30319
8.98  2.9202  -0.218123  -2.30161
8.99  2.92078  -0.217714  -2.30002
9  2.92136  -0.217305  -2.29843
9.01  2.92195  -0.216898  -2.29684
9.02  2.92253  -0.216491  -2.29525
9.03  2.92311  -0.216085  -2.29365
9.04  2.92369  -0.215679  -2.29206
9.05  2.92427  -0.215274  -2.29046
9.06  2.92485  -0.21487  -2.28887
9.07  2.92543  -0.214467  -2.28727
9.08  2.92601  -0.214064  -2.28567
9.09  2.92659  -0.213662  -2.28406
9.1  2.92717  -0.213261  -2.28246
9.11  2.92775  -0.212861  -2.28086
9.12  2.92833  -0.212461  -2.27925
9.13  2.92891  -0.212062  -2.27764
9.14  2.9295  -0.211663  -2.27603
9.15  2.93008  -0.211266  -2.27442
9.16  2.93066  -0.210869  -2.27281
9.17  2.93124  -0.210473  -2.2712
9.18  2.93182  -0.210077  -2.26958
9.19  2.9324  -0.209682  -2.26797
9.2  2.93298  -0.209288  -2.26635
9.21  2.93356  -0.208895  -2.26473
9.22  2.93414  -0.208503  -2.26311
9.23  2.93472  -0.208111  -2.26149
9.24  2.9353  -0.20772  -2.25986
9.25  2.93588  -0.20733  -2.25824
9.26  2.93646  -0.20694  -2.25661
9.27  2.93704  -0.206551  -2.25498
9.28  2.93762  -0.206163  -2.25336
9.29  2.9382  -0.205776  -2.25173
9.3  2.93878  -0.205389  -2.25009
9.31  2.93936  -0.205003  -2.24846
9.32  2.93994  -0.204618  -2.24683
9.33  2.94052  -0.204234  -2.24519
9.34  2.9411  -0.20385  -2.24355
9.35  2.94168  -0.203467  -2.24192
9.36  2.94226  -0.203085  -2.24028
9.37  2.94284  -0.202703  -2.23863
9.38  2.94342  -0.202323  -2.23699
9.39  2.944  -0.201943  -2.23535
9.4  2.94458  -0.201564  -2.2337
9.41  2.94516  -0.201185  -2.23206
9.42  2.94574  -0.200808  -2.23041
9.43  2.94632  -0.200431  -2.22876
9.44  2.9469  -0.200054  -2.22711
9.45  2.94748  -0.199679  -2.22546
9.46  2.94806  -0.199304  -2.2238
9.47  2.94864  -0.19893  -2.22215
9.48  2.94922  -0.198557  -2.22049
9.49  2.9498  -0.198185  -2.21883
9.5  2.95038  -0.197813  -2.21717
9.51  2.95096  -0.197442  -2.21551
9.52  2.95154  -0.197072  -2.21385
9.53  2.95212  -0.196703  -2.21219
9.54  2.9527  -0.196334  -2.21053
9.55  2.95328  -0.195967  -2.20886
9.56  2.95386  -0.1956  -2.20719
9.57  2.95444  -0.195233  -2.20553
9.58  2.95502  -0.194868  -2.20386
9.59  2.9556  -0.194503  -2.20219
9.6  2.95618  -0.194139  -2.20051
9.61  2.95676  -0.193776  -2.19884
9.62  2.95734  -0.193413  -2.19717
9.63  2.95792  -0.193052  -2.19549
9.64  2.9585  -0.192691  -2.19381
9.65  2.95908  -0.19233  -2.19213
9.66  2.95966  -0.191971  -2.19045
9.67  2.96024  -0.191612  -2.18877
9.68  2.96082  -0.191255  -2.18709
9.69  2.9614  -0.190897  -2.18541
9.7  2.96198  -0.190541  -2.18372
9.71  2.96256  -0.190186  -2.18204
9.72  2.96314  -0.189831  -2.18035
9.73  2.96372  -0.189477  -2.17866
9.74  2.9643  -0.189124  -2.17697
9.75  2.96488  -0.188771  -2.17528
9.76  2.96546  -0.188419  -2.17359
9.77  2.96604  -0.188068  -2.17189
9.78  2.96662  -0.187718  -2.1702
9.79  2.9672  -0.187369  -2.1685
9.8  2.96778  -0.18702  -2.1668
9.81  2.96836  -0.186672  -2.1651
9.82  2.96894  -0.186325  -2.1634
9.83  2.96952  -0.185979  -2.1617
9.84  2.9701  -0.185634  -2.16
9.85  2.97068  -0.185289  -2.1583
9.86  2.97126  -0.184945  -2.15659
9.87  2.97184  -0.184602  -2.15489
9.88  2.97242  -0.184259  -2.15318
9.89  2.973  -0.183918  -2.15147
9.9  2.97358  -0.183577  -2.14976
9.91  2.97417  -0.183237  -2.14805
9.92  2.97475  -0.182898  -2.14634
9.93  2.97533  -0.182559  -2.14462
9.94  2.97591  -0.182221  -2.14291
9.95  2.97649  -0.181884  -2.14119
9.96  2.97707  -0.181548  -2.13947
9.97  2.97765  -0.181213  -2.13775
9.98  2.97823  -0.180878  -2.13604
9.99  2.97881  -0.180544  -2.13431
10  2.97939  -0.180211  -2.13259
10.01  2.97997  -0.179879  -2.13087
10.02  2.98055  -0.179547  -2.12914
10.03  2.98113  -0.179217  -2.12742
10.04  2.98171  -0.178887  -2.12569
10.05  2.9823  -0.178557  -2.12396
10.06  2.98288  -0.178229  -2.12223
10.07  2.98346  -0.177901  -2.1205
10.08  2.98404  -0.177574  -2.11877
10.09  2.98462  -0.177248  -2.11704
10.1  2.9852  -0.176923  -2.1153
10.11  2.98578  -0.176599  -2.11357
10.12  2.98636  -0.176275  -2.11183
10.13  2.98694  -0.175952  -2.1101
10.14  2.98753  -0.17563  -2.10836
10.15  2.98811  -0.175308  -2.10662
10.16  2.98869  -0.174988  -2.10488
10.17  2.98927  -0.174668  -2.10313
10.18  2.98985  -0.174349  -2.10139
10.19  2.99043  -0.17403  -2.09964
10.2  2.99101  -0.173713  -2.0979
10.21  2.9916  -0.173396  -2.09615
10.22  2.99218  -0.17308  -2.0944
10.23  2.99276  -0.172765  -2.09266
10.24  2.99334  -0.17245  -2.0909
10.25  2.99392  -0.172137  -2.08915
10.26  2.9945  -0.171824  -2.0874
10.27  2.99509  -0.171511  -2.08565
10.28  2.99567  -0.1712  -2.08389
10.29  2.99625  -0.17089  -2.08214
10.3  2.99683  -0.17058  -2.08038
10.31  2.99741  -0.170271  -2.07862
10.32  2.998  -0.169962  -2.07686
10.33  2.99858  -0.169655  -2.0751
10.34  2.99916  -0.169348  -2.07334
10.35  2.99974  -0.169042  -2.07158
10.36  3.00033  -0.168737  -2.06981
10.37  3.00091  -0.168433  -2.06805
10.38  3.00149  -0.168129  -2.06628
10.39  3.00207  -0.167826  -2.06451
10.4  3.00265  -0.167524  -2.06275
10.41  3.00324  -0.167223  -2.06098
10.42  3.00382  -0.166922  -2.05921
10.43  3.0044  -0.166622  -2.05743
10.44  3.00498  -0.166323  -2.05566
10.45  3.00557  -0.166025  -2.05389
10.46  3.00615  -0.165727  -2.05211
10.47  3.00673  -0.165431  -2.05034
10.48  3.00732  -0.165135  -2.04856
10.49  3.0079  -0.164839  -2.04678
10.5  3.00848  -0.164545  -2.045
10.51  3.00906  -0.164251  -2.04322
10.52  3.00965  -0.163958  -2.04144
10.53  3.01023  -0.163666  -2.03966
10.54  3.01081  -0.163375  -2.03788
10.55  3.0114  -0.163084  -2.03609
10.56  3.01198  -0.162794  -2.03431
10.57  3.01256  -0.162505  -2.03252
10.58  3.01315  -0.162217  -2.03073
10.59  3.01373  -0.161929  -2.02894
10.6  3.01431  -0.161642  -2.02715
10.61  3.0149  -0.161356  -2.02536
10.62  3.01548  -0.161071  -2.02357
10.63  3.01606  -0.160786  -2.02178
10.64  3.01665  -0.160503  -2.01998
10.65  3.01723  -0.16022  -2.01819
10.66  3.01781  -0.159937  -2.01639
10.67  3.0184  -0.159656  -2.01459
10.68  3.01898  -0.159375  -2.0128
10.69  3.01957  -0.159095  -2.011
10.7  3.02015  -0.158816  -2.0092
10.71  3.02073  -0.158537  -2.0074
10.72  3.02132  -0.158259  -2.00559
10.73  3.0219  -0.157982  -2.00379
10.74  3.02249  -0.157706  -2.00199
10.75  3.02307  -0.15743  -2.00018
10.76  3.02365  -0.157156  -1.99837
10.77  3.02424  -0.156881  -1.99657
10.78  3.02482  -0.156608  -1.99476
10.79  3.02541  -0.156336  -1.99295
10.8  3.02599  -0.156064  -1.99114
10.81  3.02658  -0.155793  -1.98933
10.82  3.02716  -0.155522  -1.98752
10.83  3.02775  -0.155253  -1.9857
10.84  3.02833  -0.154984  -1.98389
10.85  3.02891  -0.154716  -1.98207
10.86  3.0295  -0.154448  -1.98026
10.87  3.03008  -0.154182  -1.97844
10.88  3.03067  -0.153916  -1.97662
10.89  3.03125  -0.153651  -1.9748
10.9  3.03184  -0.153386  -1.97298
10.91  3.03242  -0.153123  -1.97116
10.92  3.03301  -0.15286  -1.96934
10.93  3.03359  -0.152597  -1.96752
10.94  3.03418  -0.152336  -1.96569
10.95  3.03476  -0.152075  -1.96387
10.96  3.03535  -0.151815  -1.96204
10.97  3.03593  -0.151556  -1.96021
10.98  3.03652  -0.151297  -1.95839
10.99  3.0371  -0.151039  -1.95656
11  3.03769  -0.150782  -1.95473
11.01  3.03827  -0.150526  -1.9529
11.02  3.03886  -0.15027  -1.95106
11.03  3.03945  -0.150015  -1.94923
11.04  3.04003  -0.149761  -1.9474
11.05  3.04062  -0.149508  -1.94556
11.06  3.0412  -0.149255  -1.94373
11.07  3.04179  -0.149003  -1.94189
11.08  3.04237  -0.148751  -1.94006
11.09  3.04296  -0.148501  -1.93822
11.1  3.04354  -0.148251  -1.93638
11.11  3.04413  -0.148002  -1.93454
11.12  3.04472  -0.147753  -1.9327
11.13  3.0453  -0.147506  -1.93085
11.14  3.04589  -0.147259  -1.92901
11.15  3.04647  -0.147012  -1.92717
11.16  3.04706  -0.146767  -1.92532
11.17  3.04764  -0.146522  -1.92348
11.18  3.04823  -0.146277  -1.92163
11.19  3.04882  -0.146034  -1.91978
11.2  3.0494  -0.145791  -1.91794
11.21  3.04999  -0.145549  -1.91609
11.22  3.05057  -0.145308  -1.91424
11.23  3.05116  -0.145067  -1.91239
11.24  3.05175  -0.144827  -1.91053
11.25  3.05233  -0.144588  -1.90868
11.26  3.05292  -0.144349  -1.90683
11.27  3.05351  -0.144112  -1.90497
11.28  3.05409  -0.143874  -1.90312
11.29  3.05468  -0.143638  -1.90126
11.3  3.05526  -0.143402  -1.8994
11.31  3.05585  -0.143167  -1.89755
11.32  3.05644  -0.142933  -1.89569
11.33  3.05702  -0.142699  -1.89383
11.34  3.05761  -0.142466  -1.89197
11.35  3.0582  -0.142234  -1.89011
11.36  3.05878  -0.142002  -1.88824
11.37  3.05937  -0.141771  -1.88638
11.38  3.05996  -0.141541  -1.88452
11.39  3.06054  -0.141312  -1.88265
11.4  3.06113  -0.141083  -1.88079
11.41  3.06172  -0.140855  -1.87892
11.42  3.0623  -0.140627  -1.87705
11.43  3.06289  -0.1404  -1.87518
11.44  3.06348  -0.140174  -1.87331
11.45  3.06406  -0.139949  -1.87144
11.46  3.06465  -0.139724  -1.86957
11.47  3.06524  -0.1395  -1.8677
11.48  3.06582  -0.139277  -1.86583
11.49  3.06641  -0.139054  -1.86396
11.5  3.067  -0.138832  -1.86208
11.51  3.06758  -0.13861  -1.86021
11.52  3.06817  -0.13839  -1.85833
11.53  3.06876  -0.13817  -1.85645
11.54  3.06934  -0.13795  -1.85458
11.55  3.06993  -0.137732  -1.8527
11.56  3.07052  -0.137514  -1.85082
11.57  3.0711  -0.137296  -1.84894
11.58  3.07169  -0.13708  -1.84706
11.59  3.07228  -0.136864  -1.84518
11.6  3.07286  -0.136648  -1.8433
11.61  3.07345  -0.136434  -1.84141
11.62  3.07404  -0.13622  -1.83953
11.63  3.07462  -0.136006  -1.83764
11.64  3.07521  -0.135794  -1.83576
11.65  3.0758  -0.135581  -1.83387
11.66  3.07639  -0.13537  -1.83199
11.67  3.07697  -0.135159  -1.8301
11.68  3.07756  -0.134949  -1.82821
11.69  3.07815  -0.13474  -1.82632
11.7  3.07873  -0.134531  -1.82443
11.71  3.07932  -0.134323  -1.82254
11.72  3.07991  -0.134115  -1.82065
11.73  3.08049  -0.133909  -1.81876
11.74  3.08108  -0.133702  -1.81686
11.75  3.08167  -0.133497  -1.81497
11.76  3.08225  -0.133292  -1.81307
11.77  3.08284  -0.133088  -1.81118
11.78  3.08343  -0.132884  -1.80928
11.79  3.08401  -0.132681  -1.80739
11.8  3.0846  -0.132479  -1.80549
11.81  3.08519  -0.132277  -1.80359
11.82  3.08577  -0.132076  -1.80169
11.83  3.08636  -0.131876  -1.79979
11.84  3.08695  -0.131676  -1.79789
11.85  3.08753  -0.131477  -1.79599
11.86  3.08812  -0.131278  -1.79409
11.87  3.08871  -0.131081  -1.79218
11.88  3.08929  -0.130883  -1.79028
11.89  3.08988  -0.130687  -1.78838
11.9  3.09047  -0.130491  -1.78647
11.91  3.09105  -0.130295  -1.78456
11.92  3.09164  -0.130101  -1.78266
11.93  3.09223  -0.129907  -1.78075
11.94  3.09281  -0.129713  -1.77884
11.95  3.0934  -0.12952  -1.77693
11.96  3.09399  -0.129328  -1.77502
11.97  3.09457  -0.129136  -1.77311
11.98  3.09516  -0.128945  -1.7712
11.99  3.09575  -0.128755  -1.76929
12  3.09633  -0.128565  -1.76738
12.01  3.09692  -0.128376  -1.76547
12.02  3.0975  -0.128188  -1.76355
12.03  3.09809  -0.128  -1.76164
12.04  3.09868  -0.127812  -1.75972
12.05  3.09926  -0.127626  -1.75781
12.06  3.09985  -0.12744  -1.75589
12.07  3.10043  -0.127254  -1.75398
12.08  3.10102  -0.127069  -1.75206
12.09  3.10161  -0.126885  -1.75014
12.1  3.10219  -0.126701  -1.74822
12.11  3.10278  -0.126518  -1.7463
12.12  3.10336  -0.126336  -1.74438
12.13  3.10395  -0.126154  -1.74246
12.14  3.10453  -0.125973  -1.74054
12.15  3.10512  -0.125792  -1.73862
12.16  3.10571  -0.125612  -1.73669
12.17  3.10629  -0.125433  -1.73477
12.18  3.10688  -0.125254  -1.73285
12.19  3.10746  -0.125075  -1.73092
12.2  3.10805  -0.124898  -1.72899
12.21  3.10863  -0.124721  -1.72707
12.22  3.10922  -0.124544  -1.72514
12.23  3.1098  -0.124368  -1.72321
12.24  3.11039  -0.124193  -1.72129
12.25  3.11097  -0.124018  -1.71936
12.26  3.11156  -0.123844  -1.71743
12.27  3.11214  -0.123671  -1.7155
12.28  3.11273  -0.123498  -1.71357
12.29  3.11331  -0.123325  -1.71164
12.3  3.1139  -0.123153  -1.7097
12.31  3.11448  -0.122982  -1.70777
12.32  3.11507  -0.122811  -1.70584
12.33  3.11565  -0.122641  -1.7039
12.34  3.11623  -0.122472  -1.70197
12.35  3.11682  -0.122303  -1.70003
12.36  3.1174  -0.122135  -1.6981
12.37  3.11799  -0.121967  -1.69616
12.38  3.11857  -0.1218  -1.69423
12.39  3.11915  -0.121633  -1.69229
12.4  3.11974  -0.121467  -1.69035
12.41  3.12032  -0.121301  -1.68841
12.42  3.12091  -0.121136  -1.68647
12.43  3.12149  -0.120972  -1.68453
12.44  3.12207  -0.120808  -1.68259
12.45  3.12266  -0.120645  -1.68065
12.46  3.12324  -0.120482  -1.67871
12.47  3.12382  -0.12032  -1.67677
12.48  3.12441  -0.120159  -1.67482
12.49  3.12499  -0.119998  -1.67288
12.5  3.12557  -0.119837  -1.67094
12.51  3.12615  -0.119677  -1.66899
12.52  3.12674  -0.119518  -1.66705
12.53  3.12732  -0.119359  -1.6651
12.54  3.1279  -0.119201  -1.66316
12.55  3.12848  -0.119043  -1.66121
12.56  3.12907  -0.118886  -1.65926
12.57  3.12965  -0.11873  -1.65731
12.58  3.13023  -0.118574  -1.65537
12.59  3.13081  -0.118418  -1.65342
12.6  3.1314  -0.118263  -1.65147
12.61  3.13198  -0.118109  -1.64952
12.62  3.13256  -0.117955  -1.64757
12.63  3.13314  -0.117802  -1.64562
12.64  3.13372  -0.117649  -1.64366
12.65  3.1343  -0.117497  -1.64171
12.66  3.13488  -0.117345  -1.63976
12.67  3.13546  -0.117194  -1.63781
12.68  3.13605  -0.117043  -1.63585
12.69  3.13663  -0.116893  -1.6339
12.7  3.13721  -0.116744  -1.63194
12.71  3.13779  -0.116595  -1.62999
12.72  3.13837  -0.116446  -1.62803
12.73  3.13895  -0.116298  -1.62608
12.74  3.13953  -0.116151  -1.62412
12.75  3.14011  -0.116004  -1.62216
12.76  3.14069  -0.115858  -1.6202
12.77  3.14127  -0.115712  -1.61825
12.78  3.14185  -0.115566  -1.61629
12.79  3.14243  -0.115422  -1.61433
12.8  3.14301  -0.115277  -1.61237
12.81  3.14359  -0.115134  -1.61041
12.82  3.14416  -0.11499  -1.60845
12.83  3.14474  -0.114848  -1.60648
12.84  3.14532  -0.114706  -1.60452
12.85  3.1459  -0.114564  -1.60256
12.86  3.14648  -0.114423  -1.6006
12.87  3.14706  -0.114282  -1.59863
12.88  3.14764  -0.114142  -1.59667
12.89  3.14821  -0.114002  -1.59471
12.9  3.14879  -0.113863  -1.59274
12.91  3.14937  -0.113725  -1.59078
12.92  3.14995  -0.113587  -1.58881
12.93  3.15052  -0.113449  -1.58684
12.94  3.1511  -0.113312  -1.58488
12.95  3.15168  -0.113176  -1.58291
12.96  3.15225  -0.11304  -1.58094
12.97  3.15283  -0.112904  -1.57897
12.98  3.15341  -0.112769  -1.57701
12.99  3.15398  -0.112634  -1.57504
13  3.15456  -0.1125  -1.57307
13.01  3.15514  -0.112367  -1.5711
13.02  3.15571  -0.112234  -1.56913
13.03  3.15629  -0.112101  -1.56716
13.04  3.15686  -0.111969  -1.56519
13.05  3.15744  -0.111838  -1.56321
13.06  3.15801  -0.111707  -1.56124
13.07  3.15859  -0.111576  -1.55927
13.08  3.15916  -0.111446  -1.5573
13.09  3.15974  -0.111317  -1.55532
13.1  3.16031  -0.111188  -1.55335
13.11  3.16089  -0.111059  -1.55138
13.12  3.16146  -0.110931  -1.5494
13.13  3.16204  -0.110803  -1.54743
13.14  3.16261  -0.110676  -1.54545
13.15  3.16318  -0.11055  -1.54348
13.16  3.16376  -0.110423  -1.5415
13.17  3.16433  -0.110298  -1.53952
13.18  3.1649  -0.110173  -1.53755
13.19  3.16547  -0.110048  -1.53557
13.2  3.16605  -0.109924  -1.53359
13.21  3.16662  -0.1098  -1.53161
13.22  3.16719  -0.109677  -1.52964
13.23  3.16776  -0.109554  -1.52766
13.24  3.16833  -0.109432  -1.52568
13.25  3.16891  -0.10931  -1.5237
13.26  3.16948  -0.109188  -1.52172
13.27  3.17005  -0.109068  -1.51974
13.28  3.17062  -0.108947  -1.51776
13.29  3.17119  -0.108827  -1.51578
13.3  3.17176  -0.108708  -1.51379
13.31  3.17233  -0.108589  -1.51181
13.32  3.1729  -0.10847  -1.50983
13.33  3.17347  -0.108352  -1.50785
13.34  3.17404  -0.108235  -1.50586
13.35  3.17461  -0.108117  -1.50388
13.36  3.17518  -0.108001  -1.5019
13.37  3.17575  -0.107885  -1.49991
13.38  3.17632  -0.107769  -1.49793
13.39  3.17689  -0.107653  -1.49594
13.4  3.17745  -0.107539  -1.49396
13.41  3.17802  -0.107424  -1.49197
13.42  3.17859  -0.10731  -1.48999
13.43  3.17916  -0.107197  -1.488
13.44  3.17972  -0.107084  -1.48601
13.45  3.18029  -0.106971  -1.48403
13.46  3.18086  -0.106859  -1.48204
13.47  3.18142  -0.106748  -1.48005
13.48  3.18199  -0.106637  -1.47807
13.49  3.18256  -0.106526  -1.47608
13.5  3.18312  -0.106415  -1.47409
13.51  3.18369  -0.106306  -1.4721
13.52  3.18425  -0.106196  -1.47011
13.53  3.18482  -0.106087  -1.46812
13.54  3.18538  -0.105979  -1.46613
13.55  3.18595  -0.105871  -1.46414
13.56  3.18651  -0.105763  -1.46215
13.57  3.18708  -0.105656  -1.46016
13.58  3.18764  -0.105549  -1.45817
13.59  3.18821  -0.105443  -1.45618
13.6  3.18877  -0.105337  -1.45419
13.61  3.18933  -0.105232  -1.4522
13.62  3.1899  -0.105127  -1.4502
13.63  3.19046  -0.105022  -1.44821
13.64  3.19102  -0.104918  -1.44622
13.65  3.19158  -0.104815  -1.44423
13.66  3.19215  -0.104711  -1.44223
13.67  3.19271  -0.104609  -1.44024
13.68  3.19327  -0.104506  -1.43825
13.69  3.19383  -0.104404  -1.43625
13.7  3.19439  -0.104303  -1.43426
13.71  3.19495  -0.104202  -1.43226
13.72  3.19551  -0.104101  -1.43027
13.73  3.19607  -0.104001  -1.42827
13.74  3.19663  -0.103901  -1.42628
13.75  3.19719  -0.103802  -1.42428
13.76  3.19775  -0.103703  -1.42229
13.77  3.19831  -0.103604  -1.42029
13.78  3.19887  -0.103506  -1.4183
13.79  3.19943  -0.103409  -1.4163
13.8  3.19998  -0.103311  -1.4143
13.81  3.20054  -0.103215  -1.4123
13.82  3.2011  -0.103118  -1.41031
13.83  3.20166  -0.103022  -1.40831
13.84  3.20221  -0.102927  -1.40631
13.85  3.20277  -0.102831  -1.40431
13.86  3.20333  -0.102737  -1.40232
13.87  3.20388  -0.102642  -1.40032
13.88  3.20444  -0.102548  -1.39832
13.89  3.205  -0.102455  -1.39632
13.9  3.20555  -0.102362  -1.39432
13.91  3.20611  -0.102269  -1.39232
13.92  3.20666  -0.102177  -1.39032
13.93  3.20721  -0.102085  -1.38832
13.94  3.20777  -0.101994  -1.38632
13.95  3.20832  -0.101903  -1.38432
13.96  3.20888  -0.101812  -1.38232
13.97  3.20943  -0.101722  -1.38032
13.98  3.20998  -0.101632  -1.37832
13.99  3.21054  -0.101542  -1.37632
14  3.21109  -0.101453  -1.37432
14.01  3.21164  -0.101365  -1.37232
14.02  3.21219  -0.101276  -1.37032
14.03  3.21274  -0.101189  -1.36831
14.04  3.21329  -0.101101  -1.36631
14.05  3.21385  -0.101014  -1.36431
14.06  3.2144  -0.100927  -1.36231
14.07  3.21495  -0.100841  -1.36031
14.08  3.2155  -0.100755  -1.3583
14.09  3.21605  -0.10067  -1.3563
14.1  3.2166  -0.100585  -1.3543
14.11  3.21714  -0.1005  -1.35229
14.12  3.21769  -0.100416  -1.35029
14.13  3.21824  -0.100332  -1.34829
14.14  3.21879  -0.100248  -1.34628
14.15  3.21934  -0.100165  -1.34428
14.16  3.21988  -0.100082  -1.34228
14.17  3.22043  -0.1  -1.34027
14.18  3.22098  -0.0999181  -1.33827
14.19  3.22152  -0.0998365  -1.33626
14.2  3.22207  -0.0997553  -1.33426
14.21  3.22262  -0.0996745  -1.33226
14.22  3.22316  -0.099594  -1.33025
14.23  3.22371  -0.099514  -1.32825
14.24  3.22425  -0.0994343  -1.32624
14.25  3.2248  -0.0993549  -1.32424
14.26  3.22534  -0.099276  -1.32223
14.27  3.22589  -0.0991974  -1.32023
14.28  3.22643  -0.0991192  -1.31822
14.29  3.22697  -0.0990414  -1.31621
14.3  3.22751  -0.0989639  -1.31421
14.31  3.22806  -0.0988868  -1.3122
14.32  3.2286  -0.0988101  -1.3102
14.33  3.22914  -0.0987338  -1.30819
14.34  3.22968  -0.0986578  -1.30618
14.35  3.23022  -0.0985822  -1.30418
14.36  3.23077  -0.0985069  -1.30217
14.37  3.23131  -0.0984321  -1.30016
14.38  3.23185  -0.0983575  -1.29816
14.39  3.23239  -0.0982834  -1.29615
14.4  3.23293  -0.0982096  -1.29414
14.41  3.23346  -0.0981362  -1.29214
14.42  3.234  -0.0980631  -1.29013
14.43  3.23454  -0.0979904  -1.28812
14.44  3.23508  -0.097918  -1.28612
14.45  3.23562  -0.097846  -1.28411
14.46  3.23616  -0.0977744  -1.2821
14.47  3.23669  -0.0977031  -1.28009
14.48  3.23723  -0.0976322  -1.27809
14.49  3.23777  -0.0975616  -1.27608
14.5  3.2383  -0.0974914  -1.27407
14.51  3.23884  -0.0974215  -1.27206
14.52  3.23937  -0.0973519  -1.27006
14.53  3.23991  -0.0972828  -1.26805
14.54  3.24044  -0.0972139  -1.26604
14.55  3.24098  -0.0971454  -1.26403
14.56  3.24151  -0.0970773  -1.26203
14.57  3.24205  -0.0970095  -1.26002
14.58  3.24258  -0.096942  -1.25801
14.59  3.24311  -0.0968749  -1.256
14.6  3.24364  -0.0968082  -1.25399
14.61  3.24418  -0.0967417  -1.25198
14.62  3.24471  -0.0966756  -1.24998
14.63  3.24524  -0.0966099  -1.24797
14.64  3.24577  -0.0965445  -1.24596
14.65  3.2463  -0.0964794  -1.24395
14.66  3.24683  -0.0964146  -1.24194
14.67  3.24736  -0.0963502  -1.23993
14.68  3.24789  -0.0962861  -1.23793
14.69  3.24842  -0.0962224  -1.23592
14.7  3.24895  -0.096159  -1.23391
14.71  3.24948  -0.0960959  -1.2319
14.72  3.25001  -0.0960331  -1.22989
14.73  3.25053  -0.0959707  -1.22788
14.74  3.25106  -0.0959086  -1.22587
14.75  3.25159  -0.0958468  -1.22387
14.76  3.25212  -0.0957853  -1.22186
14.77  3.25264  -0.0957242  -1.21985
14.78  3.25317  -0.0956634  -1.21784
14.79  3.25369  -0.0956029  -1.21583
14.8  3.25422  -0.0955427  -1.21382
14.81  3.25475  -0.0954828  -1.21181
14.82  3.25527  -0.0954233  -1.20981
14.83  3.25579  -0.0953641  -1.2078
14.84  3.25632  -0.0953052  -1.20579
14.85  3.25684  -0.0952466  -1.20378
14.86  3.25736  -0.0951883  -1.20177
14.87  3.25789  -0.0951303  -1.19976
14.88  3.25841  -0.0950727  -1.19775
14.89  3.25893  -0.0950153  -1.19575
14.9  3.25945  -0.0949583  -1.19374
14.91  3.25997  -0.0949015  -1.19173
14.92  3.2605  -0.0948451  -1.18972
14.93  3.26102  -0.094789  -1.18771
14.94  3.26154  -0.0947332  -1.1857
14.95  3.26206  -0.0946776  -1.1837
14.96  3.26258  -0.0946224  -1.18169
14.97  3.26309  -0.0945675  -1.17968
14.98  3.26361  -0.0945129  -1.17767
14.99  3.26413  -0.0944585  -1.17566
15  3.26465  -0.0944045  -1.17365
15.01  3.26517  -0.0943508  -1.17165
15.02  3.26568  -0.0942974  -1.16964
15.03  3.2662  -0.0942442  -1.16763
15.04  3.26672  -0.0941914  -1.16562
15.05  3.26723  -0.0941388  -1.16361
15.06  3.26775  -0.0940865  -1.16161
15.07  3.26826  -0.0940345  -1.1596
15.08  3.26878  -0.0939828  -1.15759
15.09  3.26929  -0.0939314  -1.15558
15.1  3.26981  -0.0938803  -1.15358
15.11  3.27032  -0.0938294  -1.15157
15.12  3.27083  -0.0937789  -1.14956
15.13  3.27135  -0.0937286  -1.14755
15.14  3.27186  -0.0936786  -1.14555
15.15  3.27237  -0.0936288  -1.14354
15.16  3.27288  -0.0935794  -1.14153
15.17  3.27339  -0.0935302  -1.13952
15.18  3.27391  -0.0934813  -1.13752
15.19  3.27442  -0.0934327  -1.13551
15.2  3.27493  -0.0933843  -1.1335
15.21  3.27544  -0.0933362  -1.1315
15.22  3.27595  -0.0932884  -1.12949
15.23  3.27645  -0.0932408  -1.12748
15.24  3.27696  -0.0931936  -1.12548
15.25  3.27747  -0.0931465  -1.12347
15.26  3.27798  -0.0930998  -1.12146
15.27  3.27849  -0.0930533  -1.11946
15.28  3.27899  -0.093007  -1.11745
15.29  3.2795  -0.0929611  -1.11545
15.3  3.28001  -0.0929154  -1.11344
15.31  3.28051  -0.0928699  -1.11143
15.32  3.28102  -0.0928247  -1.10943
15.33  3.28152  -0.0927797  -1.10742
15.34  3.28203  -0.092735  -1.10542
15.35  3.28253  -0.0926906  -1.10341
15.36  3.28304  -0.0926464  -1.10141
15.37  3.28354  -0.0926024  -1.0994
15.38  3.28404  -0.0925587  -1.0974
15.39  3.28455  -0.0925153  -1.09539
15.4  3.28505  -0.0924721  -1.09339
15.41  3.28555  -0.0924291  -1.09138
15.42  3.28605  -0.0923864  -1.08938
15.43  3.28656  -0.0923439  -1.08737
15.44  3.28706  -0.0923016  -1.08537
15.45  3.28756  -0.0922596  -1.08337
15.46  3.28806  -0.0922179  -1.08136
15.47  3.28856  -0.0921763  -1.07936
15.48  3.28906  -0.092135  -1.07736
15.49  3.28955  -0.0920939  -1.07535
15.5  3.29005  -0.0920531  -1.07335
15.51  3.29055  -0.0920125  -1.07135
15.52  3.29105  -0.0919721  -1.06934
15.53  3.29155  -0.0919319  -1.06734
15.54  3.29204  -0.091892  -1.06534
15.55  3.29254  -0.0918523  -1.06333
15.56  3.29304  -0.0918128  -1.06133
15.57  3.29353  -0.0917735  -1.05933
15.58  3.29403  -0.0917344  -1.05733
15.59  3.29452  -0.0916956  -1.05533
15.6  3.29502  -0.091657  -1.05332
15.61  3.29551  -0.0916185  -1.05132
15.62  3.29601  -0.0915803  -1.04932
15.63  3.2965  -0.0915423  -1.04732
15.64  3.29699  -0.0915046  -1.04532
15.65  3.29749  -0.091467  -1.04332
15.66  3.29798  -0.0914296  -1.04132
15.67  3.29847  -0.0913925  -1.03932
15.68  3.29896  -0.0913555  -1.03732
15.69  3.29945  -0.0913187  -1.03532
15.7  3.29994  -0.0912822  -1.03332
15.71  3.30043  -0.0912458  -1.03132
15.72  3.30092  -0.0912096  -1.02932
15.73  3.30141  -0.0911737  -1.02732
15.74  3.3019  -0.0911379  -1.02532
15.75  3.30239  -0.0911023  -1.02332
15.76  3.30288  -0.0910669  -1.02132
15.77  3.30337  -0.0910317  -1.01932
15.78  3.30385  -0.0909967  -1.01732
15.79  3.30434  -0.0909618  -1.01533
15.8  3.30483  -0.0909272  -1.01333
15.81  3.30532  -0.0908927  -1.01133
15.82  3.3058  -0.0908584  -1.00933
15.83  3.30629  -0.0908243  -1.00734
15.84  3.30677  -0.0907904  -1.00534
15.85  3.30726  -0.0907566  -1.00334
15.86  3.30774  -0.090723  -1.00134
15.87  3.30823  -0.0906896  -0.999348
15.88  3.30871  -0.0906563  -0.997351
15.89  3.30919  -0.0906233  -0.995355
15.9  3.30968  -0.0905904  -0.993359
15.91  3.31016  -0.0905576  -0.991363
15.92  3.31064  -0.090525  -0.989368
15.93  3.31112  -0.0904926  -0.987373
15.94  3.3116  -0.0904603  -0.985378
15.95  3.31208  -0.0904282  -0.983383
15.96  3.31257  -0.0903963  -0.981388
15.97  3.31305  -0.0903645  -0.979394
15.98  3.31353  -0.0903328  -0.9774
15.99  3.314  -0.0903013  -0.975406
16  3.31448  -0.09027  -0.973412
16.01  3.31496  -0.0902388  -0.971419
16.02  3.31544  -0.0902077  -0.969425
16.03  3.31592  -0.0901768  -0.967433
16.04  3.3164  -0.090146  -0.96544
16.05  3.31687  -0.0901154  -0.963447
16.06  3.31735  -0.0900849  -0.961455
16.07  3.31783  -0.0900545  -0.959463
16.08  3.3183  -0.0900243  -0.957471
16.09  3.31878  -0.0899942  -0.95548
16.1  3.31925  -0.0899643  -0.953489
16.11  3.31973  -0.0899344  -0.951497
16.12  3.3202  -0.0899047  -0.949507
16.13  3.32068  -0.0898751  -0.947516
16.14  3.32115  -0.0898457  -0.945526
16.15  3.32162  -0.0898164  -0.943536
16.16  3.3221  -0.0897871  -0.941546
16.17  3.32257  -0.089758  -0.939557
16.18  3.32304  -0.089729  -0.937567
16.19  3.32351  -0.0897002  -0.935578
16.2  3.32398  -0.0896714  -0.93359
16.21  3.32445  -0.0896427  -0.931601
16.22  3.32492  -0.0896142  -0.929613
16.23  3.32539  -0.0895858  -0.927625
16.24  3.32586  -0.0895574  -0.925637
16.25  3.32633  -0.0895292  -0.92365
16.26  3.3268  -0.089501  -0.921663
16.27  3.32727  -0.089473  -0.919676
16.28  3.32774  -0.0894451  -0.91769
16.29  3.32821  -0.0894172  -0.915703
16.3  3.32867  -0.0893895  -0.913717
16.31  3.32914  -0.0893618  -0.911731
16.32  3.32961  -0.0893342  -0.909746
16.33  3.33007  -0.0893067  -0.907761
16.34  3.33054  -0.0892793  -0.905776
16.35  3.33101  -0.089252  -0.903791
16.36  3.33147  -0.0892247  -0.901807
16.37  3.33194  -0.0891975  -0.899823
16.38  3.3324  -0.0891704  -0.897839
16.39  3.33286  -0.0891434  -0.895855
16.4  3.33333  -0.0891164  -0.893872
16.41  3.33379  -0.0890895  -0.891889
16.42  3.33425  -0.0890627  -0.889907
16.43  3.33472  -0.089036  -0.887924
16.44  3.33518  -0.0890093  -0.885942
16.45  3.33564  -0.0889826  -0.88396
16.46  3.3361  -0.088956  -0.881979
16.47  3.33656  -0.0889295  -0.879998
16.48  3.33702  -0.0889031  -0.878017
16.49  3.33748  -0.0888766  -0.876036
16.5  3.33794  -0.0888503  -0.874056
16.51  3.3384  -0.0888239  -0.872076
16.52  3.33886  -0.0887977  -0.870096
16.53  3.33932  -0.0887714  -0.868117
16.54  3.33978  -0.0887452  -0.866138
16.55  3.34024  -0.0887191  -0.864159
16.56  3.34069  -0.088693  -0.86218
16.57  3.34115  -0.0886669  -0.860202
16.58  3.34161  -0.0886408  -0.858224
16.59  3.34206  -0.0886148  -0.856247
16.6  3.34252  -0.0885888  -0.854269
16.61  3.34298  -0.0885629  -0.852292
16.62  3.34343  -0.0885369  -0.850316
16.63  3.34389  -0.088511  -0.848339
16.64  3.34434  -0.0884851  -0.846363
16.65  3.3448  -0.0884592  -0.844388
16.66  3.34525  -0.0884333  -0.842412
16.67  3.3457  -0.0884075  -0.840437
16.68  3.34616  -0.0883816  -0.838462
16.69  3.34661  -0.0883558  -0.836488
16.7  3.34706  -0.0883299  -0.834514
16.71  3.34751  -0.0883041  -0.83254
16.72  3.34796  -0.0882782  -0.830566
16.73  3.34842  -0.0882524  -0.828593
16.74  3.34887  -0.0882265  -0.82662
16.75  3.34932  -0.0882007  -0.824648
16.76  3.34977  -0.0881748  -0.822676
16.77  3.35022  -0.0881489  -0.820704
16.78  3.35067  -0.0881231  -0.818732
16.79  3.35112  -0.0880971  -0.816761
16.8  3.35156  -0.0880712  -0.81479
16.81  3.35201  -0.0880453  -0.812819
16.82  3.35246  -0.0880193  -0.810849
16.83  3.35291  -0.0879933  -0.808879
16.84  3.35335  -0.0879673  -0.806909
16.85  3.3538  -0.0879412  -0.80494
16.86  3.35425  -0.0879151  -0.802971
16.87  3.35469  -0.087889  -0.801002
16.88  3.35514  -0.0878629  -0.799034
16.89  3.35558  -0.0878367  -0.797066
16.9  3.35603  -0.0878104  -0.795098
16.91  3.35647  -0.0877841  -0.793131
16.92  3.35692  -0.0877578  -0.791164
16.93  3.35736  -0.0877314  -0.789197
16.94  3.35781  -0.087705  -0.787231
16.95  3.35825  -0.0876785  -0.785265
16.96  3.35869  -0.0876519  -0.7833
16.97  3.35913  -0.0876253  -0.781334
16.98  3.35958  -0.0875986  -0.779369
16.99  3.36002  -0.0875719  -0.777405
17  3.36046  -0.0875451  -0.77544
17.01  3.3609  -0.0875182  -0.773476
17.02  3.36134  -0.0874913  -0.771513
17.03  3.36178  -0.0874642  -0.769549
17.04  3.36222  -0.0874371  -0.767586
17.05  3.36266  -0.08741  -0.765624
17.06  3.3631  -0.0873827  -0.763662
17.07  3.36354  -0.0873553  -0.7617
17.08  3.36397  -0.0873279  -0.759738
17.09  3.36441  -0.0873004  -0.757777
17.1  3.36485  -0.0872727  -0.755816
17.11  3.36529  -0.087245  -0.753855
17.12  3.36572  -0.0872172  -0.751895
17.13  3.36616  -0.0871893  -0.749935
17.14  3.3666  -0.0871613  -0.747976
17.15  3.36703  -0.0871332  -0.746017
17.16  3.36747  -0.0871049  -0.744058
17.17  3.3679  -0.0870766  -0.742099
17.18  3.36834  -0.0870481  -0.740141
17.19  3.36877  -0.0870195  -0.738184
17.2  3.36921  -0.0869909  -0.736226
17.21  3.36964  -0.086962  -0.734269
17.22  3.37007  -0.0869331  -0.732312
17.23  3.37051  -0.086904  -0.730356
17.24  3.37094  -0.0868748  -0.7284
17.25  3.37137  -0.0868455  -0.726444
17.26  3.3718  -0.0868161  -0.724489
17.27  3.37223  -0.0867865  -0.722534
17.28  3.37266  -0.0867567  -0.720579
17.29  3.3731  -0.0867268  -0.718625
17.3  3.37353  -0.0866968  -0.716671
17.31  3.37396  -0.0866666  -0.714717
17.32  3.37439  -0.0866363  -0.712764
17.33  3.37481  -0.0866058  -0.710811
17.34  3.37524  -0.0865752  -0.708859
17.35  3.37567  -0.0865444  -0.706907
17.36  3.3761  -0.0865135  -0.704955
17.37  3.37653  -0.0864823  -0.703003
17.38  3.37696  -0.0864511  -0.701052
17.39  3.37738  -0.0864196  -0.699101
17.4  3.37781  -0.086388  -0.697151
17.41  3.37824  -0.0863562  -0.695201
17.42  3.37866  -0.0863242  -0.693251
17.43  3.37909  -0.086292  -0.691302
17.44  3.37951  -0.0862597  -0.689353
17.45  3.37994  -0.0862272  -0.687404
17.46  3.38036  -0.0861944  -0.685456
17.47  3.38079  -0.0861615  -0.683508
17.48  3.38121  -0.0861284  -0.68156
17.49  3.38163  -0.0860951  -0.679613
17.5  3.38206  -0.0860616  -0.677666
17.51  3.38248  -0.0860279  -0.67572
17.52  3.3829  -0.085994  -0.673773
17.53  3.38332  -0.0859599  -0.671828
17.54  3.38375  -0.0859256  -0.669882
17.55  3.38417  -0.085891  -0.667937
17.56  3.38459  -0.0858563  -0.665992
17.57  3.38501  -0.0858213  -0.664048
17.58  3.38543  -0.0857861  -0.662104
17.59  3.38585  -0.0857507  -0.66016
17.6  3.38627  -0.085715  -0.658217
17.61  3.38669  -0.0856792  -0.656274
17.62  3.38711  -0.085643  -0.654331
17.63  3.38752  -0.0856067  -0.652389
17.64  3.38794  -0.0855701  -0.650447
17.65  3.38836  -0.0855333  -0.648505
17.66  3.38878  -0.0854962  -0.646564
17.67  3.38919  -0.0854589  -0.644623
17.68  3.38961  -0.0854213  -0.642683
17.69  3.39003  -0.0853835  -0.640742
17.7  3.39044  -0.0853454  -0.638803
17.71  3.39086  -0.0853071  -0.636863
17.72  3.39127  -0.0852685  -0.634924
17.73  3.39169  -0.0852296  -0.632985
17.74  3.3921  -0.0851905  -0.631047
17.75  3.39252  -0.0851511  -0.629109
17.76  3.39293  -0.0851114  -0.627171
17.77  3.39334  -0.0850715  -0.625234
17.78  3.39376  -0.0850312  -0.623297
17.79  3.39417  -0.0849907  -0.62136
17.8  3.39458  -0.08495  -0.619424
17.81  3.39499  -0.0849089  -0.617488
17.82  3.39541  -0.0848675  -0.615552
17.83  3.39582  -0.0848258  -0.613617
17.84  3.39623  -0.0847839  -0.611682
17.85  3.39664  -0.0847416  -0.609748
17.86  3.39705  -0.0846991  -0.607814
17.87  3.39746  -0.0846562  -0.60588
17.88  3.39787  -0.0846131  -0.603946
17.89  3.39828  -0.0845696  -0.602013
17.9  3.39868  -0.0845258  -0.60008
17.91  3.39909  -0.0844817  -0.598148
17.92  3.3995  -0.0844373  -0.596216
17.93  3.39991  -0.0843925  -0.594284
17.94  3.40031  -0.0843475  -0.592353
17.95  3.40072  -0.0843021  -0.590422
17.96  3.40113  -0.0842563  -0.588491
17.97  3.40153  -0.0842103  -0.586561
17.98  3.40194  -0.0841639  -0.58463
17.99  3.40234  -0.0841172  -0.582701
18  3.40275  -0.0840701  -0.580772
18.01  3.40315  -0.0840227  -0.578843
18.02  3.40356  -0.0839749  -0.576914
18.03  3.40396  -0.0839268  -0.574986
18.04  3.40437  -0.0838783  -0.573058
18.05  3.40477  -0.0838295  -0.57113
18.06  3.40517  -0.0837803  -0.569203
18.07  3.40557  -0.0837308  -0.567276
18.08  3.40598  -0.0836809  -0.565349
18.09  3.40638  -0.0836306  -0.563423
18.1  3.40678  -0.0835799  -0.561497
18.11  3.40718  -0.0835289  -0.559572
18.12  3.40758  -0.0834775  -0.557646
18.13  3.40798  -0.0834257  -0.555722
18.14  3.40838  -0.0833736  -0.553797
18.15  3.40878  -0.083321  -0.551873
18.16  3.40918  -0.0832681  -0.549949
18.17  3.40958  -0.0832148  -0.548025
18.18  3.40997  -0.0831611  -0.546102
18.19  3.41037  -0.083107  -0.544179
18.2  3.41077  -0.0830525  -0.542257
18.21  3.41117  -0.0829976  -0.540335
18.22  3.41156  -0.0829422  -0.538413
18.23  3.41196  -0.0828865  -0.536491
18.24  3.41235  -0.0828304  -0.53457
18.25  3.41275  -0.0827738  -0.532649
18.26  3.41314  -0.0827169  -0.530729
18.27  3.41354  -0.0826595  -0.528809
18.28  3.41393  -0.0826017  -0.526889
18.29  3.41433  -0.0825434  -0.524969
18.3  3.41472  -0.0824848  -0.52305
18.31  3.41511  -0.0824257  -0.521131
18.32  3.41551  -0.0823662  -0.519213
18.33  3.4159  -0.0823062  -0.517295
18.34  3.41629  -0.0822458  -0.515377
18.35  3.41668  -0.082185  -0.513459
18.36  3.41707  -0.0821237  -0.511542
18.37  3.41746  -0.0820619  -0.509625
18.38  3.41786  -0.0819997  -0.507708
18.39  3.41825  -0.0819371  -0.505792
18.4  3.41863  -0.081874  -0.503876
18.41  3.41902  -0.0818104  -0.501961
18.42  3.41941  -0.0817464  -0.500045
18.43  3.4198  -0.0816819  -0.49813
18.44  3.42019  -0.081617  -0.496216
18.45  3.42058  -0.0815516  -0.494301
18.46  3.42096  -0.0814857  -0.492387
18.47  3.42135  -0.0814193  -0.490474
18.48  3.42174  -0.0813524  -0.48856
18.49  3.42212  -0.0812851  -0.486647
18.5  3.42251  -0.0812173  -0.484735
18.51  3.42289  -0.081149  -0.482822
18.52  3.42328  -0.0810801  -0.48091
18.53  3.42366  -0.0810109  -0.478998
18.54  3.42405  -0.0809411  -0.477087
18.55  3.42443  -0.0808708  -0.475176
18.56  3.42481  -0.0808  -0.473265
18.57  3.4252  -0.0807287  -0.471354
18.58  3.42558  -0.0806569  -0.469444
18.59  3.42596  -0.0805845  -0.467534
18.6  3.42634  -0.0805117  -0.465624
18.61  3.42672  -0.0804384  -0.463715
18.62  3.4271  -0.0803645  -0.461806
18.63  3.42748  -0.0802901  -0.459897
18.64  3.42786  -0.0802152  -0.457989
18.65  3.42824  -0.0801397  -0.456081
18.66  3.42862  -0.0800638  -0.454173
18.67  3.429  -0.0799873  -0.452266
18.68  3.42938  -0.0799102  -0.450358
18.69  3.42976  -0.0798326  -0.448452
18.7  3.43013  -0.0797545  -0.446545
18.71  3.43051  -0.0796758  -0.444639
18.72  3.43089  -0.0795966  -0.442733
18.73  3.43126  -0.0795169  -0.440827
18.74  3.43164  -0.0794366  -0.438922
18.75  3.43201  -0.0793557  -0.437016
18.76  3.43239  -0.0792743  -0.435112
18.77  3.43276  -0.0791923  -0.433207
18.78  3.43314  -0.0791097  -0.431303
18.79  3.43351  -0.0790266  -0.429399
18.8  3.43388  -0.0789429  -0.427495
18.81  3.43426  -0.0788586  -0.425592
18.82  3.43463  -0.0787738  -0.423689
18.83  3.435  -0.0786884  -0.421786
18.84  3.43537  -0.0786024  -0.419884
18.85  3.43574  -0.0785158  -0.417981
18.86  3.43611  -0.0784287  -0.416079
18.87  3.43648  -0.0783409  -0.414178
18.88  3.43685  -0.0782526  -0.412276
18.89  3.43722  -0.0781637  -0.410375
18.9  3.43759  -0.0780741  -0.408475
18.91  3.43796  -0.077984  -0.406574
18.92  3.43833  -0.0778933  -0.404674
18.93  3.43869  -0.077802  -0.402774
18.94  3.43906  -0.07771  -0.400874
18.95  3.43943  -0.0776175  -0.398975
18.96  3.43979  -0.0775243  -0.397076
18.97  3.44016  -0.0774305  -0.395177
18.98  3.44052  -0.0773362  -0.393278
18.99  3.44089  -0.0772411  -0.39138
19  3.44125  -0.0771455  -0.389482
19.01  3.44161  -0.0770493  -0.387584
19.02  3.44198  -0.0769524  -0.385686
19.03  3.44234  -0.0768549  -0.383789
19.04  3.4427  -0.0767567  -0.381892
19.05  3.44306  -0.0766579  -0.379996
19.06  3.44343  -0.0765585  -0.378099
19.07  3.44379  -0.0764585  -0.376203
19.08  3.44415  -0.0763578  -0.374307
19.09  3.44451  -0.0762564  -0.372411
19.1  3.44487  -0.0761544  -0.370516
19.11  3.44522  -0.0760518  -0.368621
19.12  3.44558  -0.0759485  -0.366726
19.13  3.44594  -0.0758445  -0.364831
19.14  3.4463  -0.0757399  -0.362937
19.15  3.44666  -0.0756346  -0.361043
19.16  3.44701  -0.0755287  -0.359149
19.17  3.44737  -0.0754221  -0.357255
19.18  3.44772  -0.0753148  -0.355362
19.19  3.44808  -0.0752069  -0.353469
19.2  3.44843  -0.0750983  -0.351576
19.21  3.44879  -0.074989  -0.349683
19.22  3.44914  -0.074879  -0.347791
19.23  3.44949  -0.0747684  -0.345899
19.24  3.44985  -0.074657  -0.344007
19.25  3.4502  -0.074545  -0.342115
19.26  3.45055  -0.0744323  -0.340224
19.27  3.4509  -0.0743189  -0.338333
19.28  3.45125  -0.0742048  -0.336442
19.29  3.4516  -0.0740901  -0.334551
19.3  3.45195  -0.0739746  -0.332661
19.31  3.4523  -0.0738584  -0.330771
19.32  3.45265  -0.0737415  -0.328881
19.33  3.45299  -0.0736239  -0.326991
19.34  3.45334  -0.0735056  -0.325102
19.35  3.45369  -0.0733866  -0.323212
19.36  3.45403  -0.0732669  -0.321323
19.37  3.45438  -0.0731465  -0.319435
19.38  3.45473  -0.0730254  -0.317546
19.39  3.45507  -0.0729035  -0.315658
19.4  3.45541  -0.0727809  -0.31377
19.41  3.45576  -0.0726576  -0.311882
19.42  3.4561  -0.0725336  -0.309994
19.43  3.45644  -0.0724088  -0.308107
19.44  3.45679  -0.0722834  -0.306219
19.45  3.45713  -0.0721571  -0.304333
19.46  3.45747  -0.0720302  -0.302446
19.47  3.45781  -0.0719025  -0.300559
19.48  3.45815  -0.0717741  -0.298673
19.49  3.45849  -0.0716449  -0.296787
19.5  3.45883  -0.071515  -0.294901
19.51  3.45917  -0.0713844  -0.293015
19.52  3.4595  -0.0712529  -0.29113
19.53  3.45984  -0.0711208  -0.289245
19.54  3.46018  -0.0709879  -0.28736
19.55  3.46051  -0.0708542  -0.285475
19.56  3.46085  -0.0707198  -0.28359
19.57  3.46118  -0.0705847  -0.281706
19.58  3.46152  -0.0704487  -0.279822
19.59  3.46185  -0.070312  -0.277938
19.6  3.46218  -0.0701746  -0.276054
19.61  3.46252  -0.0700363  -0.27417
19.62  3.46285  -0.0698973  -0.272287
19.63  3.46318  -0.0697576  -0.270404
19.64  3.46351  -0.069617  -0.268521
19.65  3.46384  -0.0694757  -0.266638
19.66  3.46417  -0.0693336  -0.264756
19.67  3.4645  -0.0691908  -0.262873
19.68  3.46483  -0.0690471  -0.260991
19.69  3.46516  -0.0689027  -0.259109
19.7  3.46548  -0.0687575  -0.257228
19.71  3.46581  -0.0686115  -0.255346
19.72  3.46614  -0.0684647  -0.253465
19.73  3.46646  -0.0683171  -0.251583
19.74  3.46679  -0.0681687  -0.249702
19.75  3.46711  -0.0680195  -0.247822
19.76  3.46744  -0.0678696  -0.245941
19.77  3.46776  -0.0677188  -0.244061
19.78  3.46808  -0.0675672  -0.24218
19.79  3.4684  -0.0674149  -0.2403
19.8  3.46872  -0.0672617  -0.238421
19.81  3.46904  -0.0671077  -0.236541
19.82  3.46936  -0.0669529  -0.234661
19.83  3.46968  -0.0667973  -0.232782
19.84  3.47  -0.0666409  -0.230903
19.85  3.47032  -0.0664837  -0.229024
19.86  3.47064  -0.0663257  -0.227145
19.87  3.47096  -0.0661668  -0.225267
19.88  3.47127  -0.0660071  -0.223388
19.89  3.47159  -0.0658466  -0.22151
19.9  3.4719  -0.0656853  -0.219632
19.91  3.47222  -0.0655232  -0.217754
19.92  3.47253  -0.0653602  -0.215876
19.93  3.47284  -0.0651964  -0.213999
19.94  3.47316  -0.0650318  -0.212121
19.95  3.47347  -0.0648664  -0.210244
19.96  3.47378  -0.0647001  -0.208367
19.97  3.47409  -0.0645329  -0.20649
19.98  3.4744  -0.064365  -0.204614
19.99  3.47471  -0.0641962  -0.202737
